0.640347, 0, 0.643428, 0, 0.640347, 0, 0.675042, 0, 0.660403, 0, 0.640347, 0, 0.74839, 1, 0.641212, 2, 0.640347, 10, 0.673643, 3, 0.640347, 1, 0.640581, 1, 0.878125, 9, 0.640347, 1, 0.691301, 2, 0.640347, 2, 0.691301, 2, 0.878125, 9, 0.889135, 12, 0.640347, 2, 0.640347, 2
0.640347, 0, 0.640258, 2, 0.640281, 1, 0.640347, 0, 0.640294, 0, 0.640273, 1, 0.640281, 2, 0.640294, 0, 0.640294, 1, 0.640265, 2, 0.640273, 1, 0.640263, 2, 0.640264, 2, 0.640265, 2, 0.640294, 2, 0.640294, 0, 0.640265, 2, 0.640273, 1, 0.640265, 2, 0.640273, 1, 0.640273, 1
0.640209, 2, 0.640263, 5, 0.640347, 0, 0.640294, 0, 0.640347, 0, 0.640294, 0, 0.640258, 4, 0.640239, 1, 0.640209, 2, 0.640272, 1, 0.640246, 3, 0.640263, 4, 0.640263, 3, 0.640263, 5, 0.640272, 1, 0.640221, 1, 0.640227, 2, 0.640246, 3, 0.640233, 1, 0.640263, 3, 0.640263, 3
0.640203, 2, 0.640347, 0, 0.640263, 5, 0.640347, 0, 0.640258, 5, 0.640294, 0, 0.640294, 0, 0.640272, 1, 0.640237, 3, 0.640224, 1, 0.640263, 4, 0.640237, 3, 0.640203, 2, 0.640237, 4, 0.640209, 2, 0.640227, 2, 0.640272, 1, 0.640209, 2, 0.640227, 2, 0.640203, 2, 0.640203, 2
0.640347, 0, 0.640202, 2, 0.640263, 5, 0.640294, 0, 0.640347, 0, 0.640294, 0, 0.640272, 1, 0.640235, 1, 0.640263, 4, 0.640245, 3, 0.640202, 2, 0.640245, 3, 0.640263, 4, 0.640263, 5, 0.640221, 1, 0.640208, 2, 0.640245, 2, 0.640227, 2, 0.640238, 2, 0.640272, 1, 0.640272, 1
0.640259, 4, 0.640347, 0, 0.640198, 2, 0.640272, 1, 0.640294, 0, 0.640217, 1, 0.640347, 0, 0.640294, 0, 0.64027, 2, 0.640237, 2, 0.640245, 3, 0.640259, 4, 0.64026, 3, 0.640227, 2, 0.640198, 2, 0.640217, 1, 0.640255, 1, 0.640249, 3, 0.64026, 3, 0.640237, 2, 0.640237, 2
0.640259, 4, 0.640347, 0, 0.640172, 2, 0.640198, 2, 0.640294, 1, 0.640198, 2, 0.640235, 1, 0.640259, 4, 0.640238, 3, 0.640238, 3, 0.64022, 1, 0.640172, 2, 0.640347, 0, 0.640272, 1, 0.640245, 2, 0.640272, 1, 0.640301, 0, 0.640301, 0, 0.640323, 0, 0.640347, 0, 0.640347, 0
0.639899, 19, 0.640294, 0, 0.640347, 0, 0.640259, 4, 0.640015, 14, 0.640017, 14, 0.639906, 18, 0.640158, 14, 0.639945, 19, 0.640199, 2, 0.640294, 1, 0.640347, 0, 0.640015, 14, 0.640172, 2, 0.640272, 1, 0.640259, 3, 0.640198, 2, 0.640259, 4, 0.640259, 3, 0.640199, 2, 0.640199, 2
0.639832, 26, 0.640347, 0, 0.640158, 14, 0.640228, 4, 0.639833, 18, 0.639974, 14, 0.64006, 14, 0.639851, 15, 0.640198, 2, 0.639901, 14, 0.64024, 3, 0.639849, 17, 0.640294, 1, 0.640294, 0, 0.640015, 14, 0.640347, 0, 0.639887, 14, 0.64021, 3, 0.640016, 14, 0.64006, 14, 0.64006, 14
0.640316, 0, 0.640347, 0, 0.639767, 24, 0.639713, 19, 0.640158, 14, 0.64024, 4, 0.640033, 15, 0.639986, 20, 0.639792, 23, 0.639833, 18, 0.64024, 2, 0.640294, 1, 0.639931, 16, 0.639753, 19, 0.639886, 16, 0.639913, 15, 0.640199, 3, 0.640199, 3, 0.640158, 14, 0.639941, 15, 0.639941, 15
0.639699, 23, 0.640347, 0, 0.639927, 14, 0.64024, 5, 0.639833, 18, 0.639746, 19, 0.640015, 15, 0.640033, 14, 0.640158, 14, 0.639699, 23, 0.640199, 2, 0.640294, 1, 0.64024, 5, 0.64024, 3, 0.640299, 0, 0.639746, 19, 0.639876, 15, 0.64024, 3, 0.640015, 15, 0.639856, 15, 0.639856, 15
0.640296, 0, 0.640347, 0, 0.639681, 19, 0.640158, 14, 0.640199, 2, 0.639831, 18, 0.639681, 19, 0.640015, 15, 0.639866, 15, 0.640294, 1, 0.640199, 2, 0.640033, 14, 0.640347, 0, 0.639833, 18, 0.639862, 16, 0.639854, 15, 0.639839, 15, 0.640033, 14, 0.640158, 14, 0.639862, 16, 0.639862, 16
0.470395, 13, 0.640347, 0, 0.639681, 19, 0.570462, 13, 0.470395, 13, 0.603023, 13, 0.640112, 4, 0.617631, 14, 0.60058, 13, 0.570462, 13, 0.61992, 13, 0.639953, 3, 0.617631, 14, 0.640294, 1, 0.640198, 2, 0.640198, 2, 0.640112, 4, 0.640294, 1, 0.640347, 0, 0.640112, 4, 0.640112, 4
0.639681, 19, 0.640347, 0, 0.437729, 15, 0.639393, 3, 0.600622, 10, 0.601434, 12, 0.437729, 14, 0.497092, 13, 0.497092, 13, 0.539876, 14, 0.60058, 13, 0.564314, 16, 0.570462, 13, 0.564314, 16, 0.640294, 1, 0.639681, 19, 0.539876, 14, 0.600622, 10, 0.639393, 3, 0.437729, 14, 0.437729, 14
2.03874e-05, 11, 0.639681, 19, 0.640347, 0, 0.526216, 15, 6.70522e-05, 11, 0.596099, 10, 0.640119, 5, 0.639681, 19, 0.570462, 13, 0.526216, 15, 0.640294, 1, 0.570462, 13, 0.639547, 3, 0.639748, 4, 0.639639, 3, 0.604567, 11, 0.596099, 10, 0.640119, 5, 0.640311, 0, 2.03874e-05, 11, 2.03874e-05, 11
0.640347, 0, 0.509618, 19, 1.58641e-05, 10, 6.70522e-05, 11, 0.639508, 5, 0.632961, 10, 0.509683, 19, 0.602275, 15, 0.570462, 13, 0.640276, 2, 0.621508, 12, 0.528853, 14, 0.639695, 3, 0.640347, 0, 0.602275, 15, 0.617631, 13, 0.528853, 14, 0.625717, 11, 0.639568, 4, 0.639568, 4, 0.639568, 4
0.640347, 0, 0.509618, 20, 1.58641e-05, 11, 1.58641e-05, 11, 0.639483, 7, 0.509618, 19, 0.570093, 13, 0.523434, 15, 0.528853, 14, 0.640294, 1, 0.601099, 10, 0.601099, 10, 0.639508, 5, 0.639507, 3, 0.639507, 3, 0.639508, 5, 0.600972, 12, 0.523434, 15, 0.600972, 12, 1.58641e-05, 11, 1.58641e-05, 11
1.58641e-05, 11, 0.636866, 20, 0.640347, 0, 0.509618, 19, 1.58641e-05, 12, 0.600648, 10, 0.639317, 6, 0.570093, 13, 0.523434, 15, 0.640294, 1, 0.639508, 5, 0.528853, 14, 0.638275, 17, 0.639492, 3, 0.639492, 3, 0.600648, 10, 0.528853, 14, 0.637172, 18, 0.638805, 17, 0.637172, 18, 0.637172, 18
0.640347, 0, 0.637039, 21, 1.45692e-05, 12, 0.486049, 15, 1.58641e-05, 11, 0.605005, 9, 0.639412, 5, 0.636826, 18, 0.639503, 4, 0.640294, 1, 0.637648, 17, 0.515534, 15, 0.528853, 14, 0.570049, 13, 0.637078, 20, 0.570049, 13, 0.600648, 10, 0.528853, 14, 0.600648, 10, 0.639288, 9, 0.639288, 9
0.636594, 18, 1.45692e-05, 12, 0.640347, 0, 0.47177, 16, 1.58641e-05, 11, 0.528853, 14, 0.63941, 5, 0.570049, 13, 0.627606, 8, 0.47971, 15, 0.640294, 1, 0.600673, 9, 0.636594, 18, 0.63973, 3, 0.600673, 9, 0.627606, 8, 0.640276, 4, 0.63973, 3, 0.640347, 0, 0.640276, 4, 0.640276, 4
0.640347, 0, 0.636644, 23, 1.45692e-05, 10, 0.411836, 15, 1.45692e-05, 10, 0.412802, 15, 0.527724, 14, 0.637168, 18, 0.636647, 22, 0.578025, 8, 0.602276, 11, 0.615267, 13, 0.640261, 3, 0.63941, 5, 0.639877, 17, 0.640323, 1, 0.578025, 8, 0.527724, 14, 0.63941, 5, 0.640347, 0, 0.640347, 0
1.45692e-05, 10, 0.63578, 25, 0.640347, 0, 0.405849, 15, 1.45692e-05, 10, 0.636606, 21, 0.412802, 15, 0.525758, 14, 0.570049, 13, 0.60059, 8, 0.636606, 21, 0.63578, 25, 0.63941, 5, 0.63941, 5, 0.640259, 2, 0.630653, 8, 0.526602, 14, 0.615267, 13, 0.640259, 2, 0.600672, 11, 0.600672, 11
0.635027, 29, 0.640347, 0, 1.45692e-05, 10, 0.400324, 15, 1.45692e-05, 10, 0.63578, 25, 0.525758, 14, 0.637231, 17, 0.400324, 15, 0.640294, 1, 0.627246, 8, 0.63941, 5, 0.570049, 13, 0.59822, 11, 0.63941, 5, 0.570049, 13, 0.625994, 9, 0.610776, 14, 0.637369, 17, 0.59822, 11, 0.59822, 11
0.633791, 33, 1.45692e-05, 11, 0.640347, 0, 1.45692e-05, 11, 0.389707, 15, 0.525758, 14, 0.389707, 15, 0.603744, 8, 0.637329, 17, 0.640297, 3, 0.627246, 9, 0.570049, 13, 0.636923, 21, 0.63578, 25, 0.63578, 25, 0.634684, 29, 0.634684, 29, 0.633791, 33, 0.636968, 21, 0.640297, 3, 0.640297, 3
1.45692e-05, 10, 0.634242, 33, 0.640347, 0, 0.389707, 15, 1.45692e-05, 10, 0.635213, 25, 0.640295, 4, 0.637515, 17, 0.389707, 15, 0.525758, 14, 0.627246, 8, 0.59822, 11, 0.633758, 33, 0.634684, 29, 0.634684, 29, 0.570049, 13, 0.525758, 14, 0.570049, 13, 0.627246, 9, 0.637515, 17, 0.637515, 17
1.45692e-05, 10, 0.640347, 0, 0.634242, 33, 0.389256, 15, 1.45692e-05, 10, 0.525758, 14, 0.619006, 8, 0.640294, 2, 0.389256, 15, 0.637202, 17, 0.525758, 14, 0.636606, 21, 0.635213, 25, 0.635213, 25, 0.634597, 29, 0.636606, 21, 0.634242, 33, 0.634597, 29, 0.602758, 11, 0.602758, 10, 0.602758, 10
1.45692e-05, 10, 0.640347, 0, 0.634208, 33, 0.389256, 15, 1.45692e-05, 10, 0.63579, 25, 0.640294, 3, 0.525758, 14, 0.389256, 15, 0.630092, 8, 0.637546, 21, 0.596414, 11, 0.525758, 14, 0.634588, 29, 0.634567, 30, 0.572696, 9, 0.634208, 33, 0.638659, 18, 0.637435, 18, 0.582546, 9, 0.582546, 9
0.640347, 0, 0.634567, 30, 1.45692e-05, 10, 0.389256, 15, 1.45692e-05, 10, 0.525758, 14, 0.637344, 17, 0.63579, 25, 0.389256, 15, 0.640294, 3, 0.634588, 29, 0.633358, 8, 0.598409, 11, 0.602758, 11, 0.525758, 14, 0.63579, 25, 0.640306, 2, 0.630913, 8, 0.633358, 9, 0.637344, 17, 0.637344, 17
0.640347, 0, 0.634567, 30, 1.45692e-05, 10, 0.389256, 15, 1.45692e-05, 10, 0.637065, 21, 0.389256, 15, 0.525758, 14, 0.637211, 17, 0.5961, 11, 0.62735, 8, 0.525758, 14, 0.640294, 3, 0.601856, 12, 0.63579, 25, 0.63579, 25, 0.634588, 29, 0.640294, 2, 0.62735, 8, 0.62735, 9, 0.62735, 9
1.45692e-05, 10, 0.640347, 0, 0.634012, 37, 0.5961, 10, 0.000278719, 14, 0.634208, 33, 0.62735, 8, 0.639868, 3, 0.625896, 21, 0.634012, 37, 0.63741, 17, 0.63579, 25, 0.625896, 21, 0.63579, 25, 0.634588, 29, 0.634588, 29, 0.63741, 17, 0.640305, 2, 0.000278719, 14, 0.602276, 10, 0.602276, 10
0.63359, 41, 1.44351e-05, 18, 0.640347, 0, 0.000278719, 14, 0.5961, 10, 0.62735, 8, 0.640295, 4, 0.636544, 21, 0.5961, 11, 0.63579, 25, 0.634567, 29, 0.63579, 25, 0.63359, 41, 0.634012, 37, 0.634208, 33, 0.634567, 29, 0.634012, 37, 0.634208, 33, 0.640347, 0, 0.637251, 17, 0.637251, 17
0.63359, 41, 0.640347, 0, 1.44351e-05, 18, 0.000278719, 14, 0.5961, 11, 0.640294, 2, 0.634644, 33, 0.634012, 37, 0.62735, 8, 0.600608, 12, 0.63359, 41, 0.63741, 17, 0.63579, 25, 0.63579, 25, 0.635089, 29, 0.636755, 21, 0.635089, 29, 0.5961, 10, 0.636755, 21, 0.62735, 8, 0.62735, 8
0.640347, 0, 0.633338, 41, 1.44351e-05, 18, 0.5961, 12, 0.000278719, 14, 0.640294, 3, 0.63579, 25, 0.6332, 8, 0.600966, 10, 0.63579, 25, 0.634588, 29, 0.629399, 9, 0.63416, 33, 0.633666, 37, 0.63416, 33, 0.634588, 29, 0.633666, 37, 1.44351e-05, 18, 0.000278719, 14, 0.633338, 41, 0.633338, 41
0.640347, 0, 1.44351e-05, 18, 0.634208, 33, 0.591847, 10, 0.000278719, 14, 0.640294, 3, 0.627275, 8, 0.5961, 12, 0.63385, 29, 0.637295, 17, 0.635001, 25, 0.635001, 25, 0.634208, 33, 0.636544, 21, 0.63385, 29, 0.627275, 8, 0.640294, 2, 0.636544, 21, 0.000278719, 14, 1.44351e-05, 18, 1.44351e-05, 18
0.634138, 33, 0.640347, 0, 1.44351e-05, 18, 0.000278719, 14, 0.591259, 10, 0.627275, 8, 0.640294, 4, 0.600608, 12, 0.637214, 17, 0.640294, 3, 0.635164, 25, 0.636544, 21, 0.634138, 33, 0.634678, 29, 0.634678, 29, 0.635164, 25, 0.636544, 21, 0.640347, 0, 0.600608, 11, 1.44351e-05, 18, 1.44351e-05, 18
1.44351e-05, 18, 0.632924, 37, 0.640347, 0, 0.590461, 10, 0.000278719, 14, 0.627275, 8, 0.640294, 2, 0.636303, 21, 0.634708, 29, 0.636129, 25, 0.634615, 29, 0.633567, 33, 0.632924, 37, 0.633567, 33, 0.636135, 25, 6.90221e-05, 16, 6.90221e-05, 12, 0.627275, 8, 0.640219, 13, 0.637278, 17, 0.637278, 17
0.640347, 0, 0.633612, 37, 1.44351e-05, 18, 0.00154614, 10, 0.601503, 21, 0.627275, 8, 0.000278719, 14, 0.601503, 21, 0.640294, 3, 0.63717, 17, 0.635937, 25, 0.635937, 25, 0.634708, 29, 0.634138, 33, 0.634708, 29, 0.633612, 37, 0.634138, 33, 0.000109541, 11, 0.640294, 2, 0.627275, 8, 0.627275, 8
0.640347, 0, 0.633584, 41, 1.44351e-05, 18, 0.598878, 21, 0.000284759, 10, 0.627275, 8, 0.634115, 33, 0.610709, 17, 0.613432, 11, 0.640294, 3, 0.635804, 25, 0.635804, 25, 0.634569, 29, 0.633584, 41, 0.633612, 37, 0.634569, 29, 0.633612, 37, 0.598878, 21, 0.640294, 3, 0.613432, 11, 0.613432, 11
0.640347, 0, 0.633584, 41, 1.44351e-05, 18, 0.598647, 21, 0.000278719, 14, 0.635783, 25, 0.627247, 8, 0.601243, 11, 0.637175, 17, 0.640261, 5, 0.634569, 29, 0.634138, 33, 0.633612, 37, 0.634569, 29, 0.634138, 33, 0.640309, 2, 0.633612, 37, 0.633584, 41, 0.598647, 21, 0.000278719, 14, 0.000278719, 14
0.640347, 0, 0.633584, 41, 1.44351e-05, 18, 0.598647, 21, 0.000204793, 14, 0.600581, 11, 0.627247, 8, 0.640324, 3, 0.637175, 17, 0.635783, 25, 0.635783, 25, 0.634569, 29, 0.634569, 29, 0.634061, 33, 0.634061, 33, 0.633612, 37, 0.633584, 41, 0.633612, 37, 0.627247, 8, 0.640301, 2, 0.640301, 2
1.44351e-05, 18, 0.640347, 0, 0.633584, 41, 0.000278719, 14, 0.5961, 11, 0.627247, 8, 0.640299, 3, 0.600581, 10, 0.633584, 41, 0.63758, 17, 0.637249, 21, 0.635783, 25, 0.635783, 25, 0.634569, 29, 0.634569, 29, 0.634061, 33, 0.633612, 37, 0.634061, 33, 0.633612, 37, 0.640299, 3, 0.640299, 3
1.43051e-05, 18, 0.633584, 41, 0.640347, 0, 0.000278719, 14, 0.596096, 10, 0.64026, 5, 0.639974, 21, 0.63346, 33, 0.602294, 10, 0.602294, 10, 0.640297, 2, 0.635783, 25, 0.635461, 25, 0.634061, 33, 0.634569, 29, 0.634569, 29, 0.633612, 37, 0.000278719, 14, 0.633584, 41, 0.633612, 37, 0.633612, 37
0.633649, 33, 1.43051e-05, 18, 0.640347, 0, 0.000504673, 10, 0.596096, 10, 0.640258, 5, 0.602276, 11, 0.634569, 29, 0.640347, 1, 0.63549, 25, 0.635783, 25, 0.636649, 21, 0.634325, 30, 0.637319, 17, 0.636649, 21, 0.634115, 33, 0.000273222, 15, 0.000278719, 14, 0.602276, 10, 0.000278719, 14, 0.000278719, 14
1.41132e-05, 18, 0.634115, 33, 0.640347, 0, 0.640347, 0, 0.594261, 10, 0.00684345, 14, 0.64026, 4, 0.601534, 10, 0.00684345, 14, 0.637179, 17, 0.635063, 26, 0.635804, 25, 0.636521, 21, 0.634569, 29, 0.634115, 33, 1.43051e-05, 18, 0.636521, 21, 0.634569, 29, 0.640304, 2, 0.640304, 2, 0.640304, 2
1.34194e-05, 19, 0.640347, 0, 0.640347, 0, 0.635132, 29, 0.569371, 10, 0.00564631, 14, 0.64026, 4, 0.635132, 29, 0.594261, 10, 0.640257, 13, 0.636521, 21, 0.635804, 25, 0.635804, 25, 0.640305, 2, 0.601036, 18, 0.000175992, 15, 0.637362, 17, 0.636521, 21, 0.000163315, 16, 0.64026, 4, 0.64026, 4
1.34194e-05, 19, 0.63536, 25, 0.640347, 0, 0.569371, 10, 0.00255021, 14, 0.601534, 12, 0.640258, 4, 0.63536, 25, 0.000266172, 16, 0.640249, 8, 0.569371, 10, 0.636552, 21, 0.640259, 3, 1.43051e-05, 18, 2.57851e-05, 22, 0.640249, 8, 0.000692146, 14, 0.640296, 1, 0.601534, 10, 2.57851e-05, 22, 2.57851e-05, 22
0.640347, 0, 1.34194e-05, 19, 0.634585, 29, 0.00255021, 14, 0.569371, 10, 0.640175, 8, 0.640259, 4, 0.601473, 12, 0.636108, 25, 0.634585, 29, 1.95386e-05, 22, 0.640294, 2, 0.594261, 11, 0.635076, 25, 0.63672, 21, 0.000242315, 15, 0.637168, 17, 0.000427762, 19, 0.637168, 17, 0.640347, 0, 0.640347, 0
0.640347, 0, 1.34194e-05, 19, 0.634585, 29, 0.569371, 11, 0.00255021, 14, 0.634585, 29, 0.640296, 2, 0.598828, 21, 0.000261399, 15, 0.635101, 25, 1.95386e-05, 22, 1.43051e-05, 18, 0.600583, 10, 0.00255021, 14, 0.640257, 5, 0.640175, 8, 0.640259, 5, 0.635101, 25, 0.569371, 10, 0.640175, 8, 0.640175, 8
0.640347, 0, 1.34194e-05, 19, 0.634585, 29, 0.569296, 12, 0.00255021, 14, 0.636688, 21, 0.634585, 29, 0.640175, 8, 0.637286, 17, 0.635101, 25, 0.635101, 25, 0.640259, 3, 0.600583, 10, 0.600583, 10, 0.569296, 12, 0.000242315, 15, 0.64034, 1, 0.640258, 5, 0.640258, 5, 0.00255021, 14, 0.00255021, 14
1.34194e-05, 19, 0.640347, 0, 0.633788, 37, 0.569296, 10, 0.00255021, 14, 0.640305, 3, 0.6403, 6, 0.629594, 12, 0.637286, 17, 0.636688, 21, 0.635101, 25, 0.594137, 11, 0.634585, 29, 0.634048, 33, 0.635101, 25, 0.634585, 29, 0.634048, 33, 0.6403, 5, 0.000273222, 15, 0.594137, 12, 0.594137, 12
0.640347, 0, 1.34194e-05, 19, 0.633788, 37, 0.569296, 10, 0.00255021, 14, 0.569296, 10, 0.640294, 2, 0.600954, 11, 0.63649, 21, 0.637168, 17, 0.635063, 25, 0.634574, 29, 0.634048, 33, 0.635063, 25, 0.634574, 29, 0.634048, 33, 0.633788, 37, 0.000196949, 15, 0.00255021, 14, 0.640294, 2, 0.640294, 2
0.633641, 33, 0.640347, 0, 1.34194e-05, 19, 0.569273, 10, 0.00212923, 14, 0.640294, 3, 0.636487, 21, 0.596589, 12, 0.635063, 25, 0.634402, 29, 0.633641, 33, 0.635063, 25, 0.634402, 29, 0.640277, 2, 0.000443808, 15, 0.601111, 10, 0.600954, 11, 0.637169, 17, 0.637169, 17, 0.00212923, 14, 0.00212923, 14
1.34194e-05, 19, 0.632919, 33, 0.640347, 0, 0.000443808, 14, 0.569273, 10, 0.63592, 25, 0.63, 8, 0.600389, 11, 0.637179, 17, 0.640228, 4, 0.632919, 33, 0.634425, 29, 0.634425, 29, 0.636489, 21, 0.607825, 9, 0.569273, 10, 0.636287, 21, 0.640242, 2, 0.640295, 1, 0.640294, 3, 0.640294, 3
1.34194e-05, 19, 0.640347, 0, 0.632919, 33, 0.569273, 10, 0.000443808, 15, 0.627246, 8, 0.640294, 2, 0.629296, 11, 0.632919, 33, 0.634425, 29, 0.636151, 25, 0.634425, 29, 0.000443808, 15, 0.636453, 22, 0.601439, 9, 0.636502, 21, 0.637503, 17, 0.635198, 25, 0.637503, 18, 0.594143, 11, 0.594143, 11
0.640347, 0, 0.632919, 33, 1.34194e-05, 19, 0.569273, 11, 0.000443808, 14, 0.600935, 8, 0.640294, 3, 0.628713, 10, 0.594143, 12, 0.637247, 17, 0.632919, 33, 0.636006, 21, 0.634131, 29, 0.634131, 29, 0.635146, 25, 0.635146, 25, 0.000266172, 15, 0.640301, 1, 0.640294, 3, 0.636006, 21, 0.636006, 21
0.640347, 0, 0.635248, 25, 1.34194e-05, 19, 0.00216567, 14, 0.569273, 11, 0.627291, 8, 0.640295, 2, 0.636489, 21, 0.637218, 17, 0.000242315, 15, 0.601111, 10, 0.627291, 8, 0.594143, 12, 0.640294, 1, 0.636489, 21, 1.43051e-05, 18, 0.594143, 12, 0.601111, 10, 0.594143, 11, 0.640347, 0, 0.640347, 0
0.634681, 29, 1.34194e-05, 19, 0.640347, 0, 0.568592, 12, 0.000227966, 15, 0.636489, 21, 0.637395, 17, 0.627246, 8, 0.635248, 25, 0.634681, 29, 0.635248, 25, 0.600673, 10, 0.603092, 11, 0.640341, 3, 0.640295, 2, 0.640295, 5, 0.627246, 8, 0.640168, 13, 0.000227966, 14, 0.640295, 5, 0.640295, 5
0.640347, 0, 0.636277, 29, 1.34194e-05, 19, 0.59357, 11, 0.000227966, 15, 0.640295, 5, 0.627246, 8, 0.000227966, 14, 0.636335, 25, 0.636453, 22, 0.635198, 25, 0.600768, 10, 0.636457, 21, 0.640337, 3, 0.640299, 2, 0.627246, 8, 0.637169, 17, 0.637135, 17, 1.34194e-05, 19, 0.600768, 10, 0.600768, 10
1.34194e-05, 19, 0.640347, 0, 0.635198, 25, 0.000273222, 14, 0.590724, 10, 0.627246, 8, 0.636639, 21, 0.635198, 25, 0.640294, 5, 0.599002, 12, 0.637218, 17, 0.640294, 4, 0.000242315, 15, 0.640326, 2, 0.614461, 11, 0.627246, 9, 1.41132e-05, 18, 0.640322, 1, 0.636639, 21, 0.604831, 10, 0.604831, 10
0.640347, 0, 1.34194e-05, 19, 0.63471, 29, 0.590552, 10, 0.000273222, 14, 0.635318, 25, 0.636501, 21, 0.635318, 26, 0.640283, 4, 0.640296, 2, 0.60369, 9, 0.627246, 8, 0.63471, 29, 0.000242315, 15, 0.640209, 6, 0.628493, 17, 0.637171, 17, 0.640151, 7, 0.628396, 21, 1.43051e-05, 19, 1.43051e-05, 19
0.633823, 33, 1.34194e-05, 19, 0.640347, 0, 0.590547, 11, 0.000273222, 14, 0.635318, 25, 0.634494, 29, 0.602294, 10, 0.636501, 21, 0.640271, 6, 0.640294, 2, 0.625898, 17, 0.000242315, 15, 0.000273222, 14, 0.627246, 8, 0.640169, 4, 0.627246, 8, 0.625898, 17, 0.636501, 21, 0.640169, 4, 0.640169, 4
0.63368, 33, 0.640347, 0, 1.34194e-05, 19, 0.590547, 11, 0.000273222, 14, 0.627246, 8, 0.640294, 2, 0.635778, 25, 0.634494, 29, 0.634494, 29, 0.63368, 33, 0.635979, 25, 0.636501, 21, 0.602294, 10, 0.640174, 13, 0.000242315, 15, 0.609864, 17, 0.636501, 21, 1.41132e-05, 18, 0.640347, 0, 0.640347, 0
0.640347, 0, 0.632923, 33, 1.34194e-05, 19, 0.000273222, 14, 0.590547, 11, 0.634494, 30, 0.601051, 22, 0.640294, 5, 0.638603, 17, 0.63554, 8, 0.639976, 13, 0.640294, 4, 0.000242315, 15, 0.627246, 10, 0.601051, 21, 0.590547, 11, 0.607694, 21, 1.43051e-05, 18, 0.640294, 2, 0.640347, 0, 0.640347, 0
1.34194e-05, 19, 0.632886, 37, 0.640347, 0, 0.000273222, 14, 0.590547, 12, 0.627333, 8, 0.640294, 2, 0.636488, 21, 0.601074, 10, 0.630386, 33, 0.630386, 33, 0.634424, 29, 0.635247, 25, 0.635247, 25, 0.634424, 29, 0.632886, 37, 0.000256102, 15, 0.639079, 17, 0.639079, 17, 0.600665, 11, 0.600665, 11
0.640347, 0, 0.632886, 37, 1.34194e-05, 19, 0.590547, 11, 0.000273222, 14, 0.640294, 2, 0.634175, 33, 0.634424, 29, 0.627333, 8, 0.636488, 21, 0.637219, 17, 0.632886, 37, 0.635247, 25, 0.635247, 25, 0.627333, 8, 0.000242315, 15, 0.000273222, 14, 0.600583, 10, 0.600583, 10, 0.640347, 0, 0.640347, 0
0.634175, 33, 0.640347, 0, 1.34194e-05, 19, 0.590547, 11, 0.000228539, 14, 0.636488, 21, 0.640294, 3, 0.627333, 8, 0.635196, 25, 0.635918, 25, 0.637219, 17, 0.634424, 29, 0.634424, 29, 0.634175, 33, 0.627333, 8, 0.596727, 10, 0.640294, 2, 0.000228539, 14, 0.598342, 11, 0.637497, 18, 0.637497, 18
1.34194e-05, 19, 0.632032, 33, 0.640347, 0, 0.000228539, 15, 0.590547, 12, 0.640294, 4, 0.605338, 8, 0.637497, 17, 0.640294, 3, 0.632923, 33, 0.633798, 29, 0.634424, 29, 0.636286, 22, 0.635196, 25, 0.605338, 8, 0.636286, 21, 0.635196, 25, 0.640347, 0, 0.590552, 10, 0.590552, 10, 0.590552, 10
0.640347, 0, 0.632032, 33, 1.34194e-05, 19, 0.590547, 11, 0.000228539, 14, 0.634128, 29, 0.600655, 8, 0.640294, 4, 0.635918, 25, 0.635063, 26, 0.636488, 21, 0.640299, 2, 0.598489, 12, 0.609838, 10, 0.63721, 17, 0.000228539, 14, 0.63721, 17, 0.636286, 21, 0.640347, 0, 0.609838, 10, 0.609838, 10
0.635196, 25, 0.640347, 0, 1.34194e-05, 19, 0.491824, 12, 0.000228539, 14, 0.573285, 12, 0.627905, 8, 0.640294, 4, 0.635196, 25, 0.636639, 21, 0.600869, 10, 0.573285, 8, 0.600869, 10, 0.000228539, 15, 0.6403, 1, 0.628561, 17, 0.636639, 21, 1.57029e-05, 18, 0.640294, 3, 0.640294, 3, 0.640294, 3
0.640347, 0, 0.635196, 25, 1.34194e-05, 19, 0.532671, 11, 0.000228539, 14, 0.570908, 8, 0.635196, 25, 0.636488, 21, 0.640294, 5, 0.640294, 2, 0.611599, 9, 0.637219, 17, 0.640167, 13, 0.000222863, 15, 0.640294, 4, 0.600869, 10, 0.532671, 10, 0.636488, 21, 1.43051e-05, 18, 0.640347, 0, 0.640347, 0
0.000203308, 27, 1.34194e-05, 19, 0.640347, 0, 0.640295, 0, 0.00806825, 14, 0.47265, 12, 0.492262, 8, 0.566988, 12, 0.640294, 2, 0.608844, 22, 0.635196, 25, 0.598541, 26, 0.000651678, 15, 0.633252, 9, 0.636639, 21, 0.609143, 17, 0.640294, 2, 0.600906, 10, 0.609143, 17, 0.492262, 8, 0.492262, 8
