0.640347, 0, 0.661551, 1, 0.640347, 0, 0.669158, 0, 0.640347, 0, 0.640347, 0, 0.649154, 0, 0.689963, 0, 0.663943, 1, 0.640347, 0, 0.666396, 0, 0.647762, 2, 0.640347, 8, 0.646442, 0, 0.640347, 5, 0.640347, 9, 0.649154, 0, 0.666396, 0, 0.694177, 0, 0.640347, 9, 0.640347, 9
0.632661, 22, 0.632617, 16, 0.640347, 0, 0.640347, 0, 0.635425, 14, 0.637265, 22, 0.637474, 14, 0.632661, 16, 0.639963, 5, 0.637898, 14, 0.639858, 4, 0.640291, 3, 0.639859, 5, 0.640294, 1, 0.640291, 3, 0.640294, 2, 0.640294, 1, 0.640294, 2, 0.640116, 4, 0.640116, 4, 0.640116, 4
0.635047, 30, 0.000199152, 18, 0.640347, 0, 0.590749, 11, 0.00270833, 14, 0.639645, 4, 0.637453, 18, 0.635985, 26, 0.635091, 30, 0.636192, 26, 0.636876, 22, 0.639866, 5, 0.637453, 18, 0.640316, 1, 0.636937, 22, 0.606854, 10, 0.627539, 8, 0.00270833, 14, 0.627395, 8, 0.595048, 9, 0.595048, 9
0.640347, 0, 0.000198884, 26, 0.635091, 30, 0.589542, 12, 0.00270833, 14, 0.60149, 10, 0.636937, 22, 0.627395, 8, 0.6393, 5, 0.00270833, 15, 0.637453, 18, 0.636629, 24, 0.635287, 27, 0.637448, 19, 0.634859, 30, 0.640296, 2, 0.640294, 4, 0.627395, 8, 0.640294, 1, 0.640347, 0, 0.640347, 0
0.000198884, 26, 0.640347, 0, 0.635091, 30, 0.589491, 11, 0.00270833, 14, 0.63693, 22, 0.639287, 5, 0.601776, 8, 0.631684, 18, 0.00268389, 24, 0.636192, 27, 0.00268389, 15, 0.607929, 10, 0.589491, 11, 0.638383, 18, 0.640316, 1, 0.00270833, 14, 0.594966, 9, 0.640294, 3, 0.640294, 3, 0.640294, 3
0.000198884, 26, 0.640347, 0, 0.63509, 34, 0.589491, 10, 0.00270833, 14, 0.636937, 22, 0.604116, 12, 0.6274, 8, 0.00139062, 19, 0.637453, 18, 0.00270833, 15, 0.635091, 30, 0.640296, 2, 0.636199, 26, 0.635091, 30, 0.639227, 5, 0.639227, 5, 0.594966, 9, 0.640316, 1, 0.640296, 1, 0.640296, 1
0.640347, 0, 5.25415e-05, 19, 0.634722, 32, 0.589412, 10, 0.00270833, 14, 0.607929, 11, 0.635961, 27, 0.636783, 23, 0.640294, 3, 0.00040774, 15, 0.636199, 27, 0.627376, 8, 0.00111106, 20, 0.637505, 22, 0.00270833, 14, 0.639215, 5, 0.638407, 18, 0.594368, 9, 0.639215, 5, 0.640316, 1, 0.640316, 1
1.73036e-05, 11, 0.640347, 0, 0.635575, 26, 0.640347, 0, 0.00120309, 15, 0.589412, 10, 0.627324, 8, 0.64026, 4, 0.601289, 11, 0.637453, 14, 0.636674, 23, 0.000117982, 19, 0.637385, 22, 0.627293, 9, 0.635575, 26, 0.637246, 18, 0.640294, 2, 0.64026, 3, 0.640347, 0, 0.589412, 10, 0.589412, 10
0.63453, 34, 0.640347, 0, 1.65291e-05, 12, 0.000213389, 14, 0.589412, 10, 0.627281, 8, 0.640294, 3, 0.63696, 22, 0.638089, 15, 0.636674, 23, 0.635246, 30, 0.634719, 30, 0.635011, 26, 0.601684, 9, 0.637385, 18, 0.637385, 18, 0.635011, 26, 0.640294, 2, 0.589412, 10, 1.65291e-05, 12, 1.65291e-05, 12
1.65291e-05, 10, 0.640347, 0, 0.634523, 30, 0.601077, 9, 0.637385, 14, 0.640294, 4, 0.635288, 26, 0.602645, 8, 0.636688, 23, 0.637199, 18, 0.63738, 15, 0.636688, 22, 0.640294, 3, 0.635005, 26, 0.637092, 18, 0.627281, 8, 0.640294, 1, 0.602645, 8, 0.636684, 22, 0.640294, 1, 0.640294, 1
0.640347, 0, 1.65291e-05, 11, 0.635302, 26, 1.65291e-05, 10, 0.596365, 9, 0.627281, 8, 0.640294, 3, 0.637609, 15, 0.637421, 14, 0.640294, 2, 0.62726, 9, 0.640294, 1, 0.602574, 11, 0.637421, 14, 0.602574, 11, 0.640347, 0, 0.627281, 8, 0.636489, 18, 0.636682, 22, 0.596365, 9, 0.596365, 9
0.640347, 0, 1.65291e-05, 12, 0.635168, 22, 1.65291e-05, 12, 0.594191, 9, 0.627265, 8, 0.637382, 14, 0.635168, 22, 0.636489, 18, 0.636489, 18, 0.639996, 3, 0.639602, 5, 0.603145, 10, 0.639602, 5, 0.637382, 14, 0.640347, 1, 0.603145, 10, 0.600757, 9, 0.640347, 1, 0.636489, 18, 0.636489, 18
1.56573e-05, 11, 0.640347, 0, 0.634999, 23, 9.56688e-05, 10, 0.569314, 9, 0.627246, 8, 0.635168, 22, 0.636007, 18, 0.638053, 16, 0.639756, 5, 0.639768, 5, 0.640295, 2, 0.600907, 9, 0.636552, 18, 0.638377, 13, 0.638289, 15, 0.638377, 13, 0.640347, 0, 0.640295, 2, 0.569314, 9, 0.569314, 9
0.635168, 22, 1.56573e-05, 10, 0.640347, 0, 9.56688e-05, 10, 0.569314, 9, 0.636552, 18, 0.637408, 15, 0.635168, 22, 0.62597, 14, 0.627246, 8, 0.639655, 6, 0.635882, 18, 0.639667, 5, 0.640297, 1, 1.56573e-05, 11, 0.637977, 13, 0.639999, 3, 0.640012, 3, 0.569314, 9, 0.637977, 13, 0.637977, 13
0.635236, 22, 1.47711e-05, 15, 0.640347, 0, 0.242255, 18, 0.569314, 9, 9.56688e-05, 10, 0.241039, 19, 0.627246, 8, 0.639593, 4, 0.635236, 22, 0.6374, 17, 0.595924, 15, 0.241039, 19, 0.640297, 1, 0.601678, 11, 0.601059, 12, 0.638025, 13, 0.639619, 3, 0.569314, 9, 0.601059, 13, 0.601059, 13
0.635236, 22, 1.47711e-05, 11, 0.640347, 0, 0.569314, 9, 0.224487, 18, 0.224487, 18, 2.83008e-05, 10, 0.627246, 8, 0.639793, 4, 0.635236, 22, 0.60014, 15, 0.637388, 17, 0.595864, 14, 0.640294, 1, 0.639844, 3, 0.611031, 12, 0.638207, 13, 0.569314, 9, 0.613482, 11, 0.601311, 10, 0.601311, 10
1.47711e-05, 12, 0.224292, 26, 0.640347, 0, 0.224487, 18, 0.569275, 9, 2.83008e-05, 10, 0.63971, 4, 0.637478, 15, 0.627246, 8, 0.224487, 18, 0.224389, 22, 0.224389, 22, 0.224292, 26, 0.60225, 11, 0.595864, 14, 0.639823, 3, 0.640295, 1, 0.569275, 9, 0.627246, 8, 0.595864, 14, 0.595864, 14
0.640347, 0, 1.47711e-05, 12, 0.223102, 18, 0.223102, 18, 0.532474, 10, 1.47711e-05, 11, 0.599875, 14, 0.637385, 16, 0.639696, 6, 0.573662, 8, 0.569275, 9, 0.637385, 15, 0.639696, 7, 0.613482, 10, 0.532474, 9, 0.639823, 4, 0.64031, 2, 0.639717, 4, 0.640347, 0, 0.64031, 2, 0.64031, 2
1.47711e-05, 12, 0.640347, 0, 0.223102, 18, 0.223102, 18, 0.520658, 9, 1.47711e-05, 11, 0.600073, 14, 0.629733, 8, 0.639708, 4, 0.5382, 9, 0.639685, 6, 0.600073, 14, 0.640295, 2, 0.640296, 1, 0.639685, 6, 0.600745, 10, 0.600745, 10, 0.640295, 2, 1.47711e-05, 11, 0.569275, 9, 0.569275, 9
1.47711e-05, 10, 0.223068, 22, 0.640347, 0, 0.223102, 18, 0.511383, 9, 1.47711e-05, 10, 0.639685, 6, 0.595786, 14, 0.608879, 11, 0.223102, 18, 0.223068, 22, 0.595786, 14, 0.639708, 4, 0.640294, 1, 0.525562, 8, 0.573938, 9, 0.609606, 8, 0.639708, 4, 0.5382, 9, 0.640294, 0, 0.640294, 0
1.47711e-05, 11, 0.223068, 22, 0.640347, 0, 0.223102, 18, 0.50958, 9, 1.47711e-05, 12, 0.639684, 4, 0.525562, 8, 0.595786, 14, 0.223068, 22, 0.223102, 18, 0.570341, 8, 0.595786, 14, 0.60478, 10, 0.640294, 3, 0.640347, 0, 0.640294, 2, 0.50958, 9, 0.600346, 10, 0.640294, 2, 0.640294, 2
0.640347, 0, 1.47711e-05, 10, 0.223068, 22, 0.223102, 18, 0.489177, 9, 0.000349276, 18, 0.639632, 4, 0.525562, 8, 0.600073, 15, 0.223068, 22, 0.600628, 12, 0.563667, 9, 0.639819, 3, 0.640294, 1, 0.595786, 14, 0.594104, 8, 0.612872, 11, 0.612872, 11, 0.525562, 8, 0.600073, 14, 0.600073, 14
1.47711e-05, 11, 0.223068, 22, 0.640347, 0, 0.640347, 0, 0.223102, 18, 0.22151, 18, 0.461433, 9, 0.0529262, 10, 0.639632, 3, 0.525471, 8, 0.600002, 15, 0.223068, 22, 0.577205, 8, 0.461433, 9, 0.640308, 2, 0.600073, 14, 9.06884e-05, 10, 0.612872, 10, 0.525471, 8, 0.603404, 9, 0.603404, 9
0.640347, 0, 0.221445, 18, 1.47711e-05, 11, 1.47711e-05, 11, 0.570049, 8, 0.639816, 3, 0.595786, 14, 0.393143, 9, 0.60556, 11, 0.600073, 14, 0.45453, 9, 0.525471, 8, 0.393143, 9, 0.640295, 2, 0.640347, 0, 0.499415, 8, 0.612872, 10, 0.612872, 10, 0.638578, 9, 0.640305, 2, 0.640305, 2
0.221445, 18, 0.640347, 1, 1.47711e-05, 11, 0.640347, 0, 0.221445, 18, 0.599215, 11, 1.47711e-05, 11, 0.366628, 9, 0.570049, 8, 0.639652, 5, 0.45453, 10, 0.526463, 8, 0.366628, 9, 0.479967, 8, 0.639823, 3, 0.640294, 2, 0.639652, 4, 0.600622, 10, 0.603898, 11, 0.640347, 1, 0.640347, 1
1.47711e-05, 11, 0.640347, 0, 0.221445, 18, 0.640347, 0, 0.221445, 18, 0.629122, 12, 0.444463, 9, 1.47711e-05, 10, 0.221445, 18, 0.640294, 5, 0.509917, 8, 0.487789, 9, 0.597177, 11, 0.556418, 9, 0.640297, 1, 0.640294, 4, 0.640294, 3, 0.525523, 8, 0.449062, 9, 0.640294, 2, 0.640294, 2
0.221445, 22, 1.47711e-05, 10, 0.640347, 0, 0.221445, 18, 0.444463, 9, 1.47711e-05, 10, 0.637845, 18, 0.221076, 18, 0.640056, 5, 0.528722, 8, 0.639902, 22, 0.601522, 9, 0.528722, 8, 0.640243, 3, 0.640294, 2, 0.640347, 0, 0.495165, 8, 0.603691, 9, 0.637845, 18, 0.495165, 8, 0.495165, 8
1.47711e-05, 12, 0.640347, 0, 0.636947, 30, 0.221445, 18, 0.221076, 18, 0.425256, 10, 1.47711e-05, 12, 0.638227, 22, 0.637177, 26, 0.495165, 8, 1.47711e-05, 12, 0.601041, 11, 0.528722, 8, 0.640243, 4, 0.640295, 1, 0.444463, 9, 0.640066, 5, 0.444463, 10, 0.528722, 8, 0.604687, 12, 0.604687, 12
0.640347, 0, 0.63689, 30, 1.47711e-05, 12, 0.221445, 18, 0.221076, 18, 9.88958e-05, 10, 0.444463, 9, 0.640294, 2, 0.528722, 8, 0.637653, 22, 0.495165, 8, 0.600598, 11, 0.581873, 9, 0.637008, 23, 0.63689, 30, 0.636993, 26, 0.444463, 9, 0.636993, 26, 0.528722, 8, 0.640347, 0, 0.640347, 0
0.640347, 0, 0.637023, 23, 1.47711e-05, 11, 0.221445, 18, 0.221075, 19, 0.444463, 9, 9.88958e-05, 10, 0.528722, 8, 0.640294, 2, 0.602397, 12, 0.636915, 22, 0.495165, 8, 0.444463, 9, 0.57049, 9, 0.597504, 10, 0.632578, 10, 0.640294, 1, 0.605393, 12, 0.528722, 8, 0.221076, 18, 0.221076, 18
0.636915, 22, 1.47711e-05, 10, 0.640347, 0, 0.640347, 0, 0.495165, 8, 0.221445, 18, 0.221074, 19, 9.88958e-05, 12, 0.639086, 14, 0.640313, 2, 0.636915, 22, 0.60225, 10, 0.57049, 9, 0.617717, 9, 0.528722, 8, 9.88958e-05, 11, 0.640313, 2, 0.528722, 8, 0.57049, 9, 0.221074, 19, 0.221074, 19
0.640347, 0, 0.221029, 22, 1.47327e-05, 11, 0.488236, 9, 0.221445, 18, 1.47711e-05, 11, 0.594842, 12, 0.640294, 3, 0.528722, 8, 0.221076, 18, 0.221074, 19, 0.570243, 9, 0.221029, 22, 0.495165, 8, 0.640344, 1, 0.640294, 2, 0.600945, 10, 0.528722, 8, 0.616474, 8, 0.600945, 10, 0.600945, 10
0.221029, 22, 0.640347, 0, 1.47327e-05, 11, 0.221445, 18, 1.47711e-05, 14, 0.46776, 9, 0.544289, 8, 0.640294, 2, 0.221029, 22, 0.640294, 5, 1.47711e-05, 15, 0.488236, 9, 0.615039, 10, 0.221076, 18, 0.640294, 4, 0.593594, 12, 0.593594, 12, 0.640301, 0, 0.604893, 14, 0.478606, 9, 0.478606, 9
0.640347, 0, 0.221328, 22, 1.47327e-05, 12, 0.221433, 18, 0.221029, 22, 0.46776, 9, 0.506331, 8, 0.010436, 10, 0.640294, 1, 0.637382, 15, 0.221433, 18, 0.601571, 13, 0.578227, 8, 0.637378, 14, 0.601571, 11, 0.532418, 8, 0.581247, 9, 0.010436, 10, 0.46776, 9, 0.617977, 8, 0.617977, 8
1.47327e-05, 10, 0.640347, 0, 0.220984, 26, 0.221433, 18, 0.46776, 9, 1.47327e-05, 10, 0.221029, 22, 0.637382, 14, 0.640206, 5, 0.617977, 8, 0.529938, 8, 0.221076, 18, 0.220984, 26, 0.570054, 8, 0.46776, 9, 0.600589, 12, 0.600589, 12, 0.640294, 3, 0.640313, 2, 0.640347, 1, 0.640347, 1
0.640347, 0, 0.220984, 26, 1.47327e-05, 12, 0.221433, 18, 0.46776, 9, 1.47327e-05, 12, 0.529938, 8, 0.221029, 22, 0.637382, 14, 0.640296, 2, 0.221075, 19, 0.640182, 5, 0.220984, 26, 0.46776, 9, 0.601516, 11, 0.640131, 6, 0.570598, 9, 0.601516, 11, 0.637382, 14, 0.640347, 0, 0.640347, 0
0.640347, 0, 1.47327e-05, 12, 0.220984, 26, 0.221433, 18, 0.000511192, 10, 0.46173, 9, 0.529938, 8, 0.639773, 14, 0.640259, 3, 0.596483, 10, 0.221075, 19, 0.221029, 22, 0.220984, 26, 0.46173, 9, 0.64034, 2, 0.221029, 22, 0.526397, 9, 0.570598, 9, 1.47327e-05, 12, 0.640259, 3, 0.640259, 3
0.220984, 26, 0.640347, 0, 1.47327e-05, 11, 0.221433, 18, 1.47327e-05, 12, 0.430338, 9, 0.637385, 14, 0.640258, 4, 0.575181, 8, 0.430338, 9, 0.221433, 18, 0.221029, 22, 0.640295, 2, 0.221029, 22, 0.220984, 26, 0.600973, 10, 0.570177, 10, 0.508333, 9, 0.508333, 9, 0.571806, 8, 0.571806, 8
1.47327e-05, 11, 0.220984, 26, 0.640347, 0, 0.640347, 0, 0.221433, 18, 1.47327e-05, 12, 0.428814, 9, 0.564282, 8, 0.479187, 15, 0.603194, 9, 0.64026, 5, 0.221074, 19, 0.221029, 22, 0.221028, 23, 0.479187, 15, 0.220984, 26, 0.640305, 2, 1.47327e-05, 12, 0.479187, 15, 0.570166, 8, 0.570166, 8
0.640347, 0, 0.000348953, 30, 1.47327e-05, 12, 0.0245686, 27, 0.263552, 9, 0.220984, 26, 0.472875, 15, 0.570409, 8, 0.473035, 15, 0.640259, 5, 0.640305, 2, 0.221074, 19, 0.221029, 22, 0.221028, 23, 0.600922, 10, 0.221445, 18, 0.221445, 18, 0.637437, 14, 0.600922, 10, 0.637437, 14, 0.637437, 14
1.47327e-05, 12, 9.51206e-05, 30, 0.640347, 0, 0.472692, 15, 0.233732, 9, 0.000201652, 18, 0.221445, 18, 0.000198022, 22, 0.531308, 18, 0.627947, 8, 0.640259, 4, 0.221445, 18, 0.567503, 9, 9.51206e-05, 22, 0.640294, 2, 0.600588, 10, 0.600588, 10, 0.640347, 0, 1.47327e-05, 12, 1.47327e-05, 12, 1.47327e-05, 12
1.46535e-05, 20, 0.640347, 0, 9.51206e-05, 22, 0.00141554, 14, 0.221445, 18, 0.567503, 9, 0.29779, 10, 0.29779, 10, 0.627365, 8, 0.000577998, 15, 0.224192, 9, 0.640259, 5, 0.567503, 9, 0.601533, 10, 9.46989e-05, 19, 0.640347, 1, 0.640295, 3, 0.640259, 5, 0.221445, 18, 0.640259, 3, 0.640259, 3
0.640347, 0, 1.46535e-05, 19, 0.221445, 18, 0.566051, 9, 0.00145731, 15, 0.221445, 18, 0.62736, 8, 0.64006, 4, 0.600867, 11, 0.00102697, 12, 0.640259, 3, 0.640295, 1, 0.566051, 9, 0.000649371, 14, 0.601062, 10, 9.46989e-05, 19, 0.000649371, 14, 0.00145731, 15, 0.601062, 10, 0.640347, 0, 0.640347, 0
0.640347, 0, 1.45644e-05, 23, 0.000278697, 14, 0.566051, 9, 0.324483, 9, 0.221445, 18, 0.605605, 8, 1.46535e-05, 19, 0.601062, 10, 0.3121, 9, 0.000278697, 15, 0.640011, 5, 1.45644e-05, 23, 0.221445, 18, 0.23515, 9, 0.640294, 2, 0.595169, 10, 0.640011, 4, 0.640023, 4, 0.640294, 1, 0.640294, 1
1.44346e-05, 18, 0.640347, 0, 0.000278697, 14, 0.220235, 12, 0.324483, 9, 0.566051, 9, 0.593637, 10, 0.000278697, 15, 0.640294, 2, 0.23515, 9, 0.640277, 7, 1.44346e-05, 18, 0.640293, 5, 0.605605, 12, 0.305575, 9, 0.640347, 0, 0.640293, 4, 0.62736, 8, 0.62736, 8, 0.640294, 4, 0.640294, 4
1.44346e-05, 18, 0.638532, 19, 0.640347, 0, 0.243668, 10, 0.565836, 10, 0.000278697, 15, 0.220235, 12, 0.60063, 8, 0.640017, 5, 0.640294, 3, 0.000278697, 14, 0.602277, 11, 0.604622, 8, 0.640017, 4, 0.640294, 1, 0.230277, 9, 0.220235, 12, 0.230277, 9, 0.565836, 10, 0.640294, 1, 0.640294, 1
1.44346e-05, 18, 0.640347, 0, 0.000278697, 14, 0.324483, 9, 0.565836, 9, 0.220235, 12, 0.60063, 8, 0.640018, 3, 0.243668, 11, 0.628688, 16, 0.314136, 9, 0.22031, 12, 0.640297, 2, 1.44346e-05, 18, 0.640324, 1, 0.602277, 10, 0.627258, 15, 0.243668, 10, 0.627258, 15, 0.640347, 0, 0.640347, 0
0.640347, 0, 1.44346e-05, 18, 0.60063, 8, 0.321478, 9, 0.000278697, 15, 0.220235, 12, 0.63977, 4, 0.243668, 10, 0.304759, 9, 1.44346e-05, 18, 0.000278697, 14, 0.22031, 12, 0.639706, 3, 0.62834, 8, 0.640305, 2, 0.640314, 1, 0.602277, 11, 0.243668, 11, 0.000278697, 15, 0.640347, 0, 0.640347, 0
1.44346e-05, 18, 0.640347, 0, 0.000205107, 15, 0.594378, 10, 0.321478, 9, 0.219949, 12, 0.639521, 5, 0.627262, 8, 0.639439, 4, 0.000205107, 14, 1.44346e-05, 18, 0.637123, 11, 0.219949, 12, 0.258188, 9, 0.640316, 2, 0.640316, 2, 0.595118, 10, 0.627262, 8, 0.321478, 9, 0.258188, 9, 0.258188, 9
0.640347, 0, 1.44346e-05, 18, 1.44346e-05, 18, 0.475042, 13, 0.219949, 12, 0.000205107, 15, 0.231974, 9, 0.597098, 10, 0.627247, 8, 0.475042, 13, 0.639152, 5, 0.640294, 1, 0.000205107, 15, 0.639152, 5, 0.640071, 3, 0.640125, 3, 0.000205107, 14, 0.600747, 11, 0.219949, 12, 0.231974, 9, 0.231974, 9
1.44346e-05, 18, 0.640347, 0, 0.219949, 12, 0.000205107, 15, 0.220264, 9, 0.46869, 13, 0.475042, 13, 0.59455, 10, 0.600825, 8, 0.639496, 4, 0.639023, 5, 1.44346e-05, 18, 0.000205107, 15, 0.602857, 11, 0.640294, 2, 0.639023, 5, 0.640347, 1, 0.475042, 13, 0.59455, 11, 0.220264, 9, 0.220264, 9
1.44346e-05, 18, 0.640347, 0, 0.220264, 9, 0.219949, 12, 0.460668, 13, 0.000278697, 14, 0.475606, 13, 0.590549, 10, 0.000205107, 15, 0.628472, 8, 0.639202, 5, 1.44346e-05, 18, 0.640294, 2, 0.601534, 11, 0.639496, 3, 0.640293, 4, 0.640347, 0, 0.602277, 10, 0.628472, 8, 0.639202, 5, 0.639202, 5
1.44346e-05, 18, 0.640347, 1, 0.640347, 0, 0.220264, 9, 0.219949, 12, 0.458534, 13, 0.000244409, 14, 0.627291, 8, 0.475606, 13, 0.589489, 11, 0.000205107, 15, 0.640294, 2, 0.639122, 5, 1.44346e-05, 18, 0.639496, 4, 0.601094, 10, 0.639122, 5, 0.596519, 10, 0.589489, 11, 0.639496, 4, 0.639496, 4
0.640347, 0, 1.44346e-05, 18, 0.221206, 13, 0.499593, 8, 0.219949, 12, 0.000205107, 15, 0.63864, 5, 0.589422, 11, 0.499593, 8, 0.639472, 3, 0.640294, 2, 1.44346e-05, 18, 0.000205107, 15, 0.63864, 5, 0.640347, 0, 0.499593, 9, 0.60533, 8, 0.600675, 10, 0.640347, 0, 1.44346e-05, 18, 1.44346e-05, 18
1.44346e-05, 18, 0.640347, 0, 0.219949, 12, 0.000278697, 14, 0.57026, 8, 0.324483, 9, 0.640025, 4, 0.499593, 8, 0.221206, 13, 0.000205107, 15, 0.31745, 9, 0.601094, 10, 1.44346e-05, 18, 0.499593, 8, 0.640025, 4, 0.640294, 2, 0.640294, 2, 0.640347, 0, 0.590221, 11, 0.590221, 11, 0.590221, 11
1.44346e-05, 18, 0.640347, 0, 0.000205107, 15, 0.324483, 9, 0.219949, 12, 0.639988, 4, 0.6093, 8, 0.492011, 8, 0.224674, 9, 0.57026, 8, 0.221206, 13, 0.640294, 2, 1.44346e-05, 18, 0.596153, 10, 0.499593, 8, 0.000205107, 15, 0.601094, 11, 0.600954, 11, 0.640346, 1, 0.640347, 0, 0.640347, 0
0.640347, 0, 1.44346e-05, 18, 0.000205107, 15, 0.324483, 9, 0.219949, 12, 0.492011, 8, 0.639951, 5, 0.634434, 8, 0.224674, 9, 0.492011, 8, 0.57026, 8, 1.44346e-05, 18, 0.000205107, 14, 0.640294, 2, 0.600725, 10, 0.219949, 12, 0.640259, 3, 0.640347, 0, 0.600637, 10, 0.639966, 4, 0.639966, 4
1.44346e-05, 18, 0.640347, 0, 0.224674, 9, 0.000205107, 15, 0.492011, 8, 0.219948, 12, 0.639408, 4, 0.6093, 8, 0.639846, 5, 1.44346e-05, 18, 0.57026, 8, 0.600637, 11, 0.492011, 8, 0.22031, 13, 0.000205107, 14, 0.596212, 10, 0.639846, 5, 0.596212, 10, 0.000205107, 15, 0.596212, 10, 0.596212, 10
0.640347, 0, 1.44346e-05, 18, 0.224674, 9, 0.219947, 12, 0.492011, 8, 0.000205107, 14, 0.492011, 8, 0.639771, 5, 1.44346e-05, 18, 0.6403, 2, 0.637457, 15, 0.57026, 8, 0.628355, 10, 0.640228, 3, 0.639816, 4, 0.640347, 0, 0.600603, 11, 0.594314, 10, 0.637457, 14, 0.596099, 11, 0.596099, 11
1.44346e-05, 18, 0.640347, 0, 0.219947, 12, 0.492011, 8, 0.224674, 9, 0.57026, 8, 0.000205107, 14, 0.639755, 4, 0.637383, 15, 0.600603, 11, 1.44346e-05, 18, 0.600603, 10, 0.492011, 8, 0.6403, 2, 0.000205107, 14, 0.224674, 9, 0.639682, 3, 0.637383, 15, 0.639682, 3, 0.6403, 2, 0.6403, 2
1.44346e-05, 18, 0.640347, 0, 0.224674, 9, 0.000205107, 14, 0.492011, 8, 0.219947, 12, 0.492011, 8, 0.570059, 8, 0.639755, 5, 0.639585, 3, 0.640294, 1, 1.44346e-05, 18, 0.000205107, 15, 0.600603, 10, 0.219947, 12, 0.62766, 9, 0.639755, 4, 0.600603, 11, 0.000205107, 15, 0.600603, 11, 0.600603, 11
0.640347, 0, 1.44346e-05, 18, 0.000205107, 14, 0.224674, 9, 0.492011, 8, 0.219947, 12, 0.570059, 8, 0.639579, 5, 0.000205107, 15, 1.44346e-05, 18, 0.596099, 10, 0.600589, 9, 0.492011, 8, 0.219947, 12, 0.639755, 3, 0.640294, 2, 0.639688, 4, 0.640294, 1, 0.596099, 10, 0.492011, 8, 0.492011, 8
1.44346e-05, 18, 0.640347, 0, 0.000205107, 15, 0.219947, 12, 0.465613, 12, 0.640265, 4, 0.570059, 8, 0.600598, 10, 0.22031, 13, 0.630217, 8, 0.324483, 12, 1.44346e-05, 18, 0.000205107, 15, 0.640296, 2, 0.465613, 12, 0.271815, 9, 0.271815, 9, 0.640054, 3, 0.324483, 12, 0.630217, 8, 0.630217, 8
1.4402e-05, 18, 0.640347, 0, 0.570059, 10, 0.271815, 8, 0.219947, 12, 0.000205107, 15, 0.640294, 5, 0.22031, 12, 0.271815, 9, 0.634157, 8, 1.4402e-05, 18, 0.640294, 4, 0.000205107, 15, 0.640294, 2, 0.000205107, 14, 0.640347, 0, 0.640294, 2, 0.600598, 11, 0.634157, 8, 0.570059, 10, 0.570059, 10
0.640347, 0, 1.4402e-05, 18, 0.271815, 8, 0.570048, 11, 0.219947, 12, 0.000205107, 15, 0.271815, 8, 0.640299, 3, 0.601132, 10, 0.22031, 12, 1.4402e-05, 18, 0.000205107, 15, 0.000205107, 14, 0.640299, 2, 0.570048, 11, 0.640299, 3, 0.635913, 8, 0.640345, 1, 0.640346, 1, 0.640347, 0, 0.640347, 0
0.640347, 0, 1.4402e-05, 18, 1.4402e-05, 18, 0.60058, 10, 0.271815, 8, 0.219947, 12, 0.000375919, 12, 0.271815, 8, 0.640294, 2, 0.000205107, 15, 0.23331, 9, 0.000205107, 14, 0.640339, 1, 0.627595, 9, 0.000205107, 14, 0.640294, 2, 0.60058, 10, 0.60058, 10, 0.627595, 9, 1.4402e-05, 18, 1.4402e-05, 18
1.4402e-05, 18, 0.640347, 0, 0.591117, 10, 0.23331, 9, 0.000375919, 12, 0.219947, 13, 0.640124, 5, 0.612588, 8, 0.640296, 2, 1.4402e-05, 18, 0.000205107, 15, 0.639488, 4, 0.22031, 13, 0.640092, 3, 0.000205107, 15, 0.640347, 0, 0.617067, 8, 0.23331, 9, 0.60058, 11, 0.60058, 11, 0.60058, 11
1.4402e-05, 18, 0.640347, 0, 0.575387, 8, 0.23331, 10, 0.219947, 12, 0.00028441, 12, 0.000205107, 15, 0.63886, 5, 1.4402e-05, 18, 0.000205107, 14, 0.596106, 11, 0.633753, 9, 0.639488, 3, 0.640295, 2, 0.639237, 4, 0.640347, 1, 0.60058, 10, 0.575387, 8, 0.23331, 9, 0.638763, 5, 0.638763, 5
0.640347, 0, 1.4402e-05, 18, 0.53592, 8, 0.23331, 10, 0.000266289, 12, 0.221854, 9, 0.56472, 8, 0.639945, 5, 0.000205107, 15, 0.638756, 4, 0.640294, 3, 1.4402e-05, 18, 0.60058, 11, 0.639945, 13, 0.596106, 10, 0.000205107, 14, 0.640347, 1, 0.221854, 9, 0.60058, 11, 0.640347, 1, 0.640347, 1
