0.629575, 9, 0.640347, 0, 0.629575, 9, 0.640347, 0, 0.640347, 0, 0.640347, 0, 0.644317, 0, 0.640347, 0, 0.640347, 8, 0.640347, 1, 0.644317, 0, 0.640347, 12, 0.640347, 4, 0.682454, 9, 0.74795, 1, 0.640347, 2, 0.640347, 12, 0.999136, 1, 0.641163, 2, 0.742368, 12, 0.742368, 12
0.600595, 9, 0.600713, 17, 0.640347, 0, 0.640347, 0, 0.630315, 8, 0.640273, 2, 0.608046, 9, 0.627259, 8, 0.62775, 10, 0.627664, 16, 0.601303, 10, 0.603611, 9, 0.608046, 9, 0.600713, 17, 0.640305, 1, 0.640305, 1, 0.640273, 2, 0.627664, 16, 0.603611, 9, 0.627664, 16, 0.627664, 16
0.640347, 0, 0.596248, 10, 0.627246, 9, 0.627498, 8, 0.600636, 8, 0.640265, 3, 0.640265, 4, 0.600636, 8, 0.596248, 10, 0.59836, 9, 0.640306, 0, 0.640294, 1, 0.640273, 2, 0.640294, 1, 0.640273, 2, 0.640265, 4, 0.59836, 9, 0.627246, 8, 0.640347, 0, 0.640294, 1, 0.640294, 1
0.57146, 15, 0.553371, 13, 0.640347, 0, 0.627246, 8, 0.613897, 10, 0.57146, 15, 0.628395, 9, 0.640169, 5, 0.600636, 8, 0.640149, 3, 0.584926, 13, 0.596096, 10, 0.600589, 12, 0.596096, 10, 0.584902, 15, 0.640273, 2, 0.640294, 1, 0.640209, 4, 0.600589, 12, 0.640209, 4, 0.640209, 4
0.640347, 0, 0.376224, 18, 0.403082, 13, 0.526362, 14, 0.627246, 8, 0.64017, 3, 0.600582, 11, 0.600582, 10, 0.569401, 12, 0.640347, 1, 0.376224, 17, 0.628089, 9, 0.39095, 16, 0.64017, 3, 0.538436, 12, 0.546778, 12, 0.39095, 16, 0.526362, 14, 0.569401, 12, 0.627246, 8, 0.627246, 8
0.640347, 0, 0.495219, 18, 0.376224, 17, 0.398387, 16, 0.494758, 14, 0.60193, 8, 0.52868, 13, 0.594425, 10, 0.640169, 3, 0.525677, 12, 0.499843, 14, 0.640275, 2, 0.627698, 9, 0.627367, 8, 0.600582, 11, 0.376224, 17, 0.398387, 18, 0.640341, 0, 0.640169, 3, 0.594425, 10, 0.594425, 10
0.285913, 14, 0.640347, 0, 0.285913, 14, 0.525111, 12, 0.627367, 8, 0.640297, 3, 0.594425, 10, 0.526329, 13, 0.594425, 10, 0.627367, 8, 0.60064, 9, 0.525111, 12, 0.640293, 2, 0.640275, 3, 0.60064, 9, 0.526329, 13, 0.640347, 0, 0.640319, 1, 0.640319, 1, 0.594425, 10, 0.594425, 10
0.262233, 13, 0.640347, 0, 0.503852, 12, 0.262233, 13, 0.627456, 8, 0.640259, 3, 0.524988, 12, 0.59435, 10, 0.600795, 9, 0.640259, 2, 0.59435, 11, 0.600795, 9, 0.640347, 0, 0.640295, 1, 0.640295, 1, 0.640259, 2, 0.59435, 11, 0.640259, 3, 0.59435, 10, 0.627456, 8, 0.627456, 8
0.640347, 0, 0.257936, 13, 0.502691, 12, 0.257936, 13, 0.524988, 12, 0.59435, 11, 0.640255, 6, 0.60239, 8, 0.640255, 5, 0.600703, 9, 0.640295, 1, 0.640257, 4, 0.627262, 10, 0.59435, 11, 0.640347, 0, 0.627262, 10, 0.627304, 8, 0.640259, 2, 0.640257, 3, 0.640259, 3, 0.640259, 3
0.230949, 13, 0.230949, 14, 0.640347, 0, 0.49006, 12, 0.230949, 13, 0.640255, 4, 0.586735, 8, 0.55889, 8, 0.59435, 11, 0.524988, 12, 0.640347, 0, 0.640259, 3, 0.640259, 2, 0.600911, 10, 0.627246, 9, 0.627246, 9, 0.600795, 10, 0.502691, 12, 0.640259, 2, 0.524988, 12, 0.524988, 12
0.230949, 14, 0.640347, 0, 0.640347, 0, 0.230949, 13, 0.488552, 12, 0.640259, 4, 0.575031, 8, 0.640259, 2, 0.59435, 11, 0.55889, 9, 0.627246, 9, 0.488552, 12, 0.600799, 10, 0.575031, 8, 0.524988, 12, 0.600795, 10, 0.524988, 12, 0.640259, 4, 0.640259, 3, 0.640259, 3, 0.640259, 3
0.230949, 14, 0.640347, 0, 0.640347, 0, 0.230949, 13, 0.475534, 12, 0.55889, 8, 0.640259, 4, 0.640259, 2, 0.488552, 12, 0.513402, 8, 0.640259, 3, 0.627246, 11, 0.600799, 10, 0.579685, 9, 0.579685, 9, 0.524988, 12, 0.627246, 11, 0.600799, 10, 0.640294, 1, 0.640294, 1, 0.640294, 1
0.640347, 0, 0.230949, 14, 0.640347, 1, 0.230949, 13, 0.401774, 12, 0.627304, 8, 0.475534, 12, 0.640259, 5, 0.507704, 9, 0.601002, 10, 0.401774, 12, 0.640259, 3, 0.601002, 10, 0.640347, 1, 0.640259, 4, 0.55889, 9, 0.531377, 12, 0.55889, 9, 0.475534, 12, 0.640259, 3, 0.640259, 3
0.230949, 14, 0.640347, 0, 0.507704, 8, 0.230949, 14, 0.401774, 12, 0.640259, 3, 0.475534, 13, 0.401774, 12, 0.556014, 9, 0.640271, 2, 0.627304, 8, 0.601002, 11, 0.491812, 13, 0.640347, 0, 0.576138, 10, 0.589256, 9, 0.576138, 10, 0.594952, 11, 0.475534, 13, 0.640347, 0, 0.640347, 0
0.640347, 0, 0.221659, 17, 0.277423, 12, 0.556014, 10, 0.630597, 8, 0.627273, 9, 0.596097, 10, 0.640259, 3, 0.640259, 5, 0.567448, 11, 0.640259, 5, 0.224951, 15, 0.576138, 10, 0.224951, 14, 0.221659, 15, 0.254748, 12, 0.640259, 2, 0.277423, 12, 0.640304, 0, 0.640298, 1, 0.640298, 1
0.220581, 17, 0.640347, 0, 0.527549, 11, 0.235419, 12, 0.627407, 8, 0.640258, 5, 0.221221, 15, 0.640259, 3, 0.221236, 14, 0.235419, 13, 0.538448, 10, 0.576138, 10, 0.601717, 9, 0.601717, 9, 0.220581, 17, 0.64033, 2, 0.640345, 1, 0.640258, 5, 0.565841, 10, 0.627745, 12, 0.627745, 12
0.640347, 0, 1.49759e-05, 17, 0.460067, 23, 0.000130937, 13, 0.221236, 14, 0.221236, 15, 0.581564, 18, 0.627246, 8, 0.64026, 4, 0.53232, 21, 0.51553, 11, 0.64026, 2, 0.487485, 22, 0.525942, 10, 0.64026, 3, 0.000130937, 12, 0.640347, 0, 0.221236, 15, 0.470336, 22, 0.605255, 9, 0.605255, 9
1.49759e-05, 17, 0.460067, 23, 0.640347, 0, 0.000296218, 14, 0.221236, 15, 0.221236, 15, 0.608769, 8, 0.530054, 18, 0.51562, 21, 0.64026, 5, 0.487485, 22, 0.553715, 9, 0.640257, 3, 0.000130937, 12, 0.640302, 1, 0.572765, 11, 0.62976, 10, 1.49759e-05, 17, 0.64026, 4, 0.62976, 11, 0.62976, 11
0.460067, 23, 0.640347, 0, 1.49759e-05, 17, 0.221236, 15, 0.221236, 15, 0.000130937, 13, 0.640259, 3, 0.628941, 8, 0.503572, 19, 0.563764, 9, 0.470336, 22, 0.584543, 18, 0.640259, 5, 0.603853, 11, 0.51562, 21, 0.603853, 11, 0.51562, 21, 0.000130937, 13, 1.49759e-05, 17, 0.640259, 5, 0.640259, 5
0.640347, 0, 1.49759e-05, 17, 0.460067, 23, 0.000130937, 12, 0.433088, 9, 0.221236, 13, 0.221236, 13, 0.487485, 22, 0.478094, 18, 0.640259, 5, 0.600801, 10, 0.538302, 15, 0.570944, 8, 0.537559, 14, 0.640297, 2, 0.640259, 3, 0.614845, 9, 0.570944, 8, 1.49759e-05, 17, 0.640347, 0, 0.640347, 0
0.460067, 23, 0.640347, 0, 1.49759e-05, 17, 0.433088, 8, 0.000130937, 13, 0.221236, 14, 0.221236, 15, 0.478094, 18, 0.470336, 22, 0.572119, 8, 0.520014, 15, 0.640188, 5, 0.640188, 4, 0.627364, 12, 0.520014, 15, 0.628695, 9, 0.605128, 11, 0.628599, 10, 0.640298, 0, 0.640224, 2, 0.640224, 2
1.49232e-05, 17, 0.460067, 23, 0.640347, 0, 0.433088, 8, 0.000130937, 12, 0.221236, 14, 0.221236, 14, 0.470336, 22, 0.478094, 18, 0.506138, 15, 0.640107, 3, 0.610206, 10, 0.572119, 8, 0.632692, 9, 0.640347, 1, 0.640188, 5, 0.640188, 5, 0.221236, 14, 0.533153, 11, 0.533153, 11, 0.533153, 11
1.49232e-05, 17, 0.640347, 0, 0.460067, 23, 0.221236, 15, 8.92775e-05, 12, 0.433088, 9, 0.221236, 13, 0.478094, 18, 0.470336, 22, 0.640066, 4, 0.572119, 8, 0.640107, 3, 0.640347, 1, 0.531474, 14, 0.572119, 8, 0.600675, 11, 0.627757, 9, 0.600675, 10, 0.531474, 14, 0.629125, 11, 0.629125, 11
0.640347, 0, 1.49232e-05, 17, 0.460067, 23, 8.92775e-05, 12, 0.429891, 9, 0.221236, 15, 0.221236, 14, 0.478094, 18, 0.580431, 8, 0.470336, 22, 0.640004, 4, 0.537559, 14, 0.537559, 15, 0.640107, 3, 0.640315, 1, 0.611207, 10, 0.567434, 9, 0.632768, 10, 0.586797, 13, 0.586797, 13, 0.586797, 13
1.49232e-05, 17, 0.460067, 23, 0.640347, 0, 8.92775e-05, 12, 0.221236, 15, 0.506118, 8, 0.639713, 4, 0.221236, 15, 0.358364, 10, 0.467206, 19, 0.429891, 9, 0.358364, 10, 0.478094, 18, 0.569588, 8, 0.640294, 1, 0.221236, 14, 0.633105, 8, 0.596313, 15, 0.433088, 9, 8.92775e-05, 12, 8.92775e-05, 12
0.640347, 0, 0.460067, 23, 1.49232e-05, 17, 0.221236, 15, 3.98072e-05, 13, 0.570325, 8, 0.429891, 10, 0.221236, 15, 0.358364, 9, 0.470336, 22, 0.63994, 4, 0.586092, 12, 0.537559, 14, 0.639713, 3, 0.478094, 18, 0.358364, 9, 0.640347, 0, 0.620813, 13, 0.492299, 9, 0.478094, 18, 0.478094, 18
0.460067, 23, 1.49232e-05, 17, 0.640347, 0, 3.98072e-05, 12, 0.221236, 15, 0.478094, 18, 0.639812, 5, 0.358364, 9, 0.221236, 15, 0.531474, 14, 0.470336, 22, 0.55555, 8, 0.570131, 8, 0.358364, 9, 0.628695, 10, 0.429891, 10, 0.64031, 2, 0.429891, 10, 0.64031, 2, 0.460067, 23, 0.460067, 23
1.49232e-05, 17, 0.627308, 30, 0.640347, 0, 3.98072e-05, 12, 0.221236, 13, 0.429891, 10, 0.467322, 19, 0.62815, 26, 0.221236, 13, 0.358364, 9, 0.460067, 23, 0.57005, 8, 0.63991, 3, 0.596154, 15, 0.495459, 9, 0.559081, 14, 0.358364, 9, 0.460067, 23, 0.639832, 5, 0.588094, 14, 0.588094, 14
0.640347, 0, 1.44623e-05, 12, 0.425843, 18, 3.98072e-05, 13, 0.221236, 14, 0.221236, 15, 0.52061, 8, 0.639812, 4, 0.51094, 17, 0.640304, 1, 0.358364, 9, 0.563221, 15, 0.639812, 4, 0.607613, 11, 0.358364, 9, 0.474556, 10, 0.60759, 12, 0.474556, 9, 0.52445, 10, 0.52445, 10, 0.52445, 10
0.640347, 0, 0.425843, 18, 1.44623e-05, 12, 0.221236, 15, 1.44623e-05, 12, 0.358364, 11, 0.221236, 14, 0.639438, 4, 0.575184, 8, 0.51094, 17, 0.433088, 9, 0.51094, 17, 0.639993, 3, 0.640294, 1, 0.358364, 9, 0.564549, 8, 0.627247, 10, 0.589024, 13, 0.589024, 13, 0.627247, 10, 0.627247, 10
0.425843, 18, 0.640347, 0, 1.44623e-05, 12, 0.00391091, 13, 0.358364, 11, 0.505306, 8, 0.589024, 14, 0.639427, 4, 0.358364, 10, 0.433088, 9, 0.51094, 17, 0.572119, 9, 0.51094, 17, 0.605814, 11, 0.639772, 3, 0.640295, 1, 0.63986, 2, 0.425843, 18, 0.639427, 4, 0.572119, 9, 0.572119, 9
0.640347, 0, 0.425811, 19, 1.44623e-05, 12, 4.9038e-05, 13, 0.358364, 10, 0.497415, 8, 0.433088, 9, 0.640121, 5, 0.619148, 11, 0.576754, 15, 0.639762, 4, 0.358364, 10, 0.576734, 14, 0.51094, 17, 0.639291, 2, 0.51094, 17, 0.578682, 14, 0.425843, 18, 0.639291, 2, 0.640347, 0, 0.640347, 0
1.44623e-05, 12, 0.640347, 2, 0.425811, 19, 0.640347, 0, 3.97868e-05, 13, 0.356196, 11, 0.535794, 14, 0.567368, 8, 0.63971, 3, 0.51094, 17, 0.433088, 9, 0.356196, 11, 0.51094, 17, 0.590874, 9, 0.640121, 5, 0.425811, 19, 0.640121, 5, 0.640347, 1, 0.433088, 8, 0.640347, 2, 0.640347, 2
0.640347, 1, 0.640347, 0, 1.44623e-05, 12, 0.425811, 19, 3.97868e-05, 13, 0.356196, 11, 0.535794, 14, 0.63971, 3, 0.570048, 8, 0.639937, 5, 0.604323, 10, 0.433088, 9, 0.51094, 17, 0.356196, 11, 0.498706, 9, 0.425843, 18, 0.589024, 13, 0.63992, 4, 0.513215, 9, 0.570048, 8, 0.570048, 8
1.44623e-05, 12, 0.356828, 19, 0.640347, 0, 3.97868e-05, 13, 0.356196, 10, 0.498706, 8, 0.433088, 11, 0.569344, 9, 0.6399, 5, 0.356828, 19, 0.524961, 15, 0.530906, 14, 0.413557, 10, 0.601427, 8, 0.51094, 17, 0.51094, 17, 0.639481, 4, 0.640326, 2, 0.639481, 4, 0.640326, 2, 0.640326, 2
1.44623e-05, 12, 0.356828, 19, 0.640347, 0, 0.640347, 0, 3.97868e-05, 13, 0.356196, 9, 0.56594, 8, 0.64034, 3, 0.51094, 17, 0.640329, 2, 0.523905, 15, 0.609095, 11, 0.413557, 10, 0.451119, 18, 0.576519, 8, 0.428193, 9, 0.530906, 14, 0.614209, 10, 0.451119, 18, 0.530906, 14, 0.530906, 14
0.640347, 0, 1.44623e-05, 12, 0.356828, 19, 3.97868e-05, 13, 0.356196, 10, 0.640294, 2, 0.627915, 8, 0.469093, 15, 0.43158, 10, 0.451119, 18, 0.530906, 14, 0.500749, 15, 0.640294, 1, 0.569304, 11, 0.570047, 8, 0.601427, 9, 0.621373, 11, 0.451119, 18, 0.634001, 9, 0.533272, 10, 0.533272, 10
0.356828, 19, 1.44623e-05, 12, 0.640347, 0, 3.97868e-05, 13, 0.356196, 10, 0.640206, 3, 0.593826, 8, 0.469093, 15, 0.527617, 9, 0.417122, 9, 0.637653, 16, 0.621793, 14, 0.640294, 2, 0.603141, 11, 0.356828, 19, 0.451119, 18, 0.567093, 10, 0.451119, 18, 0.640347, 0, 0.572256, 8, 0.572256, 8
1.44623e-05, 12, 0.356828, 19, 0.640347, 0, 3.97868e-05, 13, 0.356196, 9, 0.469093, 15, 0.600916, 10, 0.533531, 14, 0.451119, 18, 0.516179, 8, 0.640182, 5, 0.640294, 1, 0.41697, 9, 0.516179, 9, 0.451119, 18, 0.640182, 5, 1.44623e-05, 12, 0.640182, 3, 0.640182, 3, 0.627195, 8, 0.627195, 8
0.640347, 0, 0.356828, 19, 1.44623e-05, 12, 0.356196, 9, 3.97868e-05, 13, 0.640092, 4, 0.498359, 8, 0.469093, 15, 0.451119, 18, 0.571431, 8, 0.640182, 3, 0.640294, 1, 0.41697, 10, 0.356828, 19, 0.531287, 14, 0.600734, 11, 0.41697, 10, 0.531045, 14, 0.600734, 11, 0.451119, 18, 0.451119, 18
0.640347, 0, 1.44623e-05, 13, 0.611039, 23, 0.356196, 11, 3.82523e-05, 13, 0.356828, 19, 0.469093, 15, 0.60072, 8, 0.618904, 18, 0.41697, 11, 0.640069, 5, 0.611039, 23, 0.50437, 9, 0.549606, 14, 0.496476, 10, 0.577266, 14, 0.640092, 4, 0.640294, 2, 0.640294, 2, 0.640193, 3, 0.640193, 3
0.640347, 0, 1.44623e-05, 13, 0.611039, 23, 0.640347, 1, 0.356196, 9, 3.82523e-05, 13, 0.412666, 18, 0.628072, 19, 0.611039, 23, 0.450288, 16, 0.534212, 8, 0.511467, 10, 0.465629, 15, 0.356196, 12, 0.640099, 4, 0.576185, 11, 0.640057, 3, 0.534212, 8, 0.582725, 14, 0.585301, 13, 0.585301, 13
0.640347, 0, 0.412666, 18, 1.44623e-05, 18, 3.82522e-05, 13, 0.356196, 10, 0.570706, 8, 0.640268, 5, 0.425013, 15, 0.425013, 15, 0.464095, 11, 0.534212, 8, 0.640287, 2, 0.498741, 9, 0.600713, 11, 0.356196, 9, 0.629734, 10, 0.640347, 0, 1.44623e-05, 12, 3.82522e-05, 13, 0.640277, 3, 0.640277, 3
0.640347, 0, 1.44623e-05, 18, 0.639736, 21, 0.356196, 12, 3.82522e-05, 13, 0.527077, 8, 0.639905, 3, 0.637202, 21, 0.433088, 9, 0.580012, 13, 0.412666, 18, 0.542043, 15, 0.600583, 10, 0.640033, 17, 0.640294, 1, 0.356196, 12, 0.542043, 15, 0.639905, 3, 0.600583, 10, 0.433088, 9, 0.433088, 9
1.44623e-05, 18, 0.63729, 25, 0.640347, 0, 0.412666, 18, 3.82522e-05, 13, 0.572119, 8, 0.512858, 9, 0.639643, 3, 0.433088, 9, 0.602877, 10, 0.637075, 21, 0.542043, 14, 0.638353, 17, 0.63729, 25, 0.638353, 21, 0.640299, 1, 0.59052, 12, 0.627987, 8, 0.542043, 14, 0.639643, 3, 0.639643, 3
1.4462e-05, 15, 0.640347, 0, 0.636877, 38, 0.412666, 18, 9.95722e-05, 12, 0.63695, 30, 0.637168, 25, 0.534212, 8, 0.614945, 10, 0.433088, 8, 0.541803, 13, 0.493004, 9, 0.636756, 29, 0.639643, 4, 0.640296, 2, 0.637057, 26, 0.5803, 12, 0.493004, 9, 0.637168, 17, 0.58604, 8, 0.58604, 8
0.625371, 23, 1.4462e-05, 15, 0.640347, 0, 0.399313, 13, 1.6161e-05, 17, 0.640294, 5, 0.640294, 1, 0.493004, 10, 0.570706, 8, 0.637078, 18, 0.534212, 9, 0.62763, 21, 0.433088, 12, 0.640285, 6, 0.6099, 11, 0.57027, 12, 0.433088, 10, 0.625371, 22, 0.6099, 11, 0.631381, 9, 0.631381, 9
1.42879e-05, 13, 0.640347, 2, 0.640347, 0, 0.600596, 21, 0.026546, 13, 0.421975, 8, 0.493004, 12, 0.612061, 8, 0.600596, 21, 0.637394, 14, 0.493004, 10, 0.640294, 4, 0.600826, 17, 0.52987, 8, 0.600826, 17, 0.421975, 9, 0.570573, 9, 0.640294, 4, 0.640347, 0, 0.640347, 2, 0.640347, 2
0.637078, 18, 0.640347, 2, 1.42879e-05, 13, 0.640347, 0, 0.409573, 10, 1.42879e-05, 13, 0.637394, 14, 0.602459, 9, 0.445609, 10, 0.637078, 17, 0.640258, 3, 0.640241, 6, 0.573129, 12, 0.524397, 11, 0.493004, 12, 0.532767, 8, 0.640241, 6, 0.532767, 8, 0.640347, 1, 0.532767, 12, 0.532767, 12
1.42879e-05, 13, 0.637, 22, 0.640347, 0, 1.42879e-05, 13, 0.407441, 10, 0.544124, 8, 0.640257, 2, 0.573129, 12, 0.493004, 12, 0.636899, 21, 0.637394, 15, 0.640252, 6, 0.63711, 18, 0.407441, 10, 0.637168, 17, 0.443079, 9, 0.443079, 9, 0.629735, 12, 0.640339, 1, 0.640254, 6, 0.640254, 6
0.637598, 25, 1.42879e-05, 13, 0.640347, 0, 1.42879e-05, 13, 0.405779, 10, 0.596696, 8, 0.638589, 21, 0.640259, 2, 0.62655, 17, 0.600475, 18, 0.493004, 12, 0.639267, 14, 0.523847, 10, 0.566356, 9, 0.443079, 10, 0.588782, 11, 0.640347, 0, 0.640258, 2, 0.405779, 9, 0.443079, 10, 0.443079, 10
0.637104, 24, 0.640347, 0, 1.42879e-05, 13, 0.405779, 11, 1.42879e-05, 13, 0.514845, 8, 0.640294, 1, 0.437898, 9, 0.493004, 12, 0.514845, 8, 0.601393, 14, 0.639722, 17, 0.601393, 14, 0.636592, 22, 0.637289, 20, 0.62781, 10, 0.405779, 10, 0.638063, 19, 0.637872, 18, 0.637231, 23, 0.637231, 23
0.636592, 22, 1.42879e-05, 13, 0.640347, 0, 0.567038, 8, 1.42879e-05, 14, 0.327173, 12, 0.223321, 10, 0.640294, 1, 0.637799, 18, 0.637218, 21, 0.637538, 17, 0.327173, 11, 0.254374, 11, 0.227862, 9, 0.570785, 8, 0.604213, 12, 0.629801, 10, 0.640294, 1, 0.327173, 11, 0.604213, 12, 0.604213, 12
0.627872, 28, 0.640347, 0, 1.42879e-05, 14, 0.221827, 9, 0.503361, 8, 0.221827, 10, 0.0066011, 13, 0.570103, 8, 0.640294, 1, 0.628183, 21, 0.637572, 17, 0.628707, 18, 0.601071, 12, 0.601265, 11, 0.628183, 21, 0.503361, 8, 0.570103, 8, 0.640277, 13, 0.63408, 21, 0.503361, 8, 0.503361, 8
0.516685, 19, 1.42879e-05, 13, 0.640347, 0, 0.221827, 9, 0.221827, 11, 0.503361, 8, 0.57145, 8, 1.42879e-05, 13, 0.640259, 2, 0.637383, 17, 0.600901, 14, 0.577096, 15, 0.640001, 12, 0.637383, 18, 0.640294, 1, 0.630816, 8, 0.607667, 10, 0.577096, 15, 0.604738, 10, 0.640259, 2, 0.640259, 2
0.640295, 18, 0.640347, 0, 1.42879e-05, 13, 0.221827, 11, 1.42879e-05, 14, 0.493401, 18, 0.294784, 9, 0.503361, 8, 0.640295, 2, 0.493401, 17, 0.22688, 9, 0.503361, 8, 0.60058, 14, 0.570166, 8, 0.640295, 1, 0.631938, 10, 0.294784, 9, 0.636888, 10, 0.640295, 2, 0.635174, 8, 0.635174, 8
0.493401, 18, 1.42879e-05, 13, 0.640347, 0, 0.640347, 0, 0.22688, 10, 0.221189, 11, 1.42879e-05, 13, 0.503361, 8, 0.573222, 15, 0.605159, 9, 0.493401, 17, 0.570166, 8, 0.640259, 3, 0.640259, 2, 0.573222, 14, 0.640259, 2, 0.573222, 14, 0.573222, 15, 0.640259, 3, 1.42879e-05, 13, 1.42879e-05, 13
1.42879e-05, 13, 0.492279, 18, 0.640347, 0, 0.221189, 9, 0.221181, 10, 1.42879e-05, 13, 0.640294, 3, 0.503361, 8, 0.627249, 10, 0.492279, 17, 0.570166, 8, 0.640294, 2, 0.640342, 1, 0.581392, 15, 0.503361, 8, 0.600843, 14, 0.600843, 15, 0.581392, 14, 0.221189, 9, 0.6403, 0, 0.6403, 0
1.42879e-05, 13, 0.640347, 0, 0.492279, 18, 0.49177, 8, 0.221173, 12, 0.221189, 9, 0.640294, 3, 1.42879e-05, 13, 0.492279, 17, 0.570166, 8, 0.640294, 2, 0.627249, 10, 0.640347, 0, 0.600616, 15, 0.600616, 14, 0.600843, 13, 0.627249, 9, 0.600843, 14, 0.600616, 15, 0.221181, 10, 0.221181, 10
1.42879e-05, 13, 0.640347, 0, 0.492279, 18, 0.221189, 9, 0.570143, 8, 0.491738, 8, 1.42879e-05, 13, 0.221074, 12, 0.640294, 2, 0.492279, 17, 0.600613, 14, 0.603288, 10, 0.640338, 1, 0.600613, 14, 0.627249, 11, 0.627249, 11, 0.492279, 17, 0.221074, 12, 0.640347, 0, 0.640054, 12, 0.640054, 12
0.640347, 0, 1.42879e-05, 14, 0.492279, 18, 0.221189, 9, 0.570143, 8, 0.491738, 8, 0.221074, 12, 1.42879e-05, 14, 0.492279, 17, 0.640294, 2, 0.627249, 10, 0.627249, 10, 0.609409, 13, 0.609409, 13, 0.601569, 14, 0.221074, 12, 0.640347, 1, 0.492279, 18, 0.640347, 1, 0.640347, 0, 0.640347, 0
1.42879e-05, 13, 0.492279, 18, 0.640347, 1, 0.640347, 0, 0.491738, 8, 0.221189, 9, 0.221074, 12, 1.42879e-05, 13, 0.640294, 3, 0.600589, 15, 0.528807, 17, 0.570087, 13, 0.600589, 14, 0.627248, 10, 0.640294, 2, 0.492279, 18, 0.528807, 17, 0.627248, 11, 0.491738, 8, 0.221189, 9, 0.221189, 9
0.609409, 21, 0.640347, 0, 1.42879e-05, 13, 0.491738, 8, 0.221189, 9, 1.42879e-05, 13, 0.221074, 12, 0.570087, 14, 0.492279, 18, 0.492279, 17, 0.640294, 5, 0.601221, 11, 0.640294, 4, 0.640294, 2, 0.640314, 0, 0.640294, 2, 0.627248, 10, 0.627248, 10, 0.491738, 8, 0.221074, 12, 0.221074, 12
0.607613, 18, 1.42879e-05, 13, 0.640347, 0, 0.640314, 0, 0.491738, 8, 1.42879e-05, 14, 0.221189, 9, 0.221074, 12, 0.640294, 5, 0.570087, 14, 0.492279, 17, 0.603253, 17, 0.640294, 3, 0.600597, 11, 0.640338, 1, 0.640294, 2, 0.62775, 10, 0.600597, 10, 0.491738, 8, 0.221189, 9, 0.221189, 9
1.42879e-05, 13, 0.640347, 0, 0.637555, 19, 0.491738, 8, 0.221189, 9, 0.221074, 12, 1.42879e-05, 13, 0.492279, 17, 0.640279, 5, 0.570087, 14, 0.570087, 15, 0.600597, 10, 0.637555, 17, 0.628021, 11, 0.640294, 2, 0.640347, 0, 0.640279, 4, 0.570087, 14, 0.600597, 11, 0.640294, 3, 0.640294, 3
1.42879e-05, 13, 0.604826, 22, 0.640347, 0, 0.640347, 0, 0.491738, 8, 0.221189, 9, 0.221012, 12, 1.42879e-05, 13, 0.492279, 17, 0.614354, 15, 0.604826, 21, 0.639293, 5, 0.492279, 18, 0.570087, 14, 0.640258, 4, 0.637726, 10, 0.601169, 12, 0.570087, 14, 0.637726, 11, 0.640294, 2, 0.640294, 2
0.640347, 0, 0.492279, 18, 1.42879e-05, 13, 0.491738, 8, 0.221194, 10, 0.221012, 12, 1.42879e-05, 13, 0.640294, 2, 0.639248, 5, 0.492279, 18, 0.56965, 14, 0.608958, 9, 0.639248, 5, 0.600718, 15, 0.492279, 17, 0.600718, 15, 0.56965, 14, 0.221194, 10, 0.221012, 12, 0.492279, 17, 0.492279, 17
0.640347, 0, 0.492279, 18, 1.42879e-05, 13, 0.221189, 9, 0.221012, 12, 0.491738, 8, 1.42879e-05, 13, 0.60119, 8, 0.640294, 2, 0.56965, 14, 0.639248, 5, 0.639248, 5, 0.637301, 11, 0.492279, 17, 0.600597, 15, 0.637677, 10, 0.640347, 1, 0.56965, 14, 0.600597, 15, 0.491738, 8, 0.491738, 8
0.492279, 17, 0.640347, 0, 1.42879e-05, 13, 0.221189, 9, 0.491738, 8, 0.221012, 12, 1.42879e-05, 13, 0.56965, 14, 0.607209, 8, 0.56965, 15, 0.640244, 3, 0.639248, 5, 0.640294, 2, 0.639248, 5, 0.492279, 17, 0.221181, 11, 0.640347, 0, 0.492279, 17, 0.600602, 10, 0.600602, 10, 0.600602, 10
0.640347, 0, 1.42879e-05, 13, 0.605345, 26, 0.491738, 8, 0.221189, 10, 0.221012, 12, 1.42879e-05, 13, 0.605345, 18, 0.56965, 15, 0.639248, 5, 0.600585, 9, 0.56965, 15, 0.492279, 17, 0.640313, 1, 0.639248, 5, 0.640166, 3, 0.640166, 3, 0.492279, 17, 0.492279, 17, 0.640347, 0, 0.640347, 0
