0.640333, 2, 0.640347, 0, 0.640347, 0, 0.640347, 0, 0.640347, 0, 0.640347, 0, 0.640347, 0, 0.640347, 0, 0.640347, 0, 0.640347, 0, 0.640347, 0, 0.640347, 8, 0.640347, 0, 0.640347, 1, 0.916824, 0, 0.640347, 8, 0.640942, 0, 0.640347, 1, 0.640347, 8, 0.640347, 2, 0.640347, 2
0.640294, 1, 0.640347, 0, 0.640294, 3, 0.640347, 0, 0.640298, 0, 0.640294, 2, 0.640294, 1, 0.640294, 0, 0.640294, 2, 0.640298, 0, 0.640294, 0, 0.640294, 1, 0.640294, 0, 0.640294, 2, 0.640294, 1, 0.640298, 0, 0.640294, 0, 0.640294, 0, 0.640294, 2, 0.640294, 1, 0.640294, 1
0.640347, 0, 0.639963, 17, 0.640259, 6, 0.640294, 0, 0.640259, 4, 0.640024, 5, 0.640347, 0, 0.640006, 6, 0.640259, 3, 0.640294, 1, 0.640294, 2, 0.640294, 2, 0.640259, 4, 0.640259, 3, 0.640006, 6, 0.640062, 5, 0.640294, 2, 0.640294, 1, 0.640294, 0, 0.640062, 5, 0.640062, 5
0.640347, 0, 0.528477, 10, 0.528477, 12, 0.579354, 9, 0.602682, 8, 0.639012, 5, 0.579354, 11, 0.60276, 8, 0.627273, 8, 0.640294, 2, 0.627273, 8, 0.639455, 4, 0.640259, 3, 0.639455, 4, 0.639012, 5, 0.60276, 8, 0.640332, 1, 0.640296, 1, 0.640259, 3, 0.640347, 0, 0.640347, 0
0.640347, 0, 0.49259, 12, 0.570047, 8, 0.512037, 8, 0.627254, 11, 0.570047, 10, 0.600594, 9, 0.640293, 6, 0.503597, 9, 0.605672, 8, 0.640292, 3, 0.640295, 2, 0.639127, 5, 0.49259, 12, 0.639336, 5, 0.640196, 4, 0.640225, 4, 0.640296, 1, 0.640347, 0, 0.640295, 1, 0.640295, 1
0.640347, 0, 0.49259, 12, 0.49259, 10, 0.570631, 8, 0.600594, 9, 0.570631, 8, 0.603139, 9, 0.627248, 10, 0.640294, 1, 0.640251, 7, 0.640285, 6, 0.640226, 3, 0.49259, 12, 0.637465, 8, 0.638819, 5, 0.638945, 5, 0.640143, 4, 0.640226, 3, 0.640143, 4, 0.640347, 0, 0.640347, 0
0.475294, 10, 0.545875, 14, 0.640347, 0, 0.600582, 12, 0.49259, 8, 0.627285, 9, 0.638913, 5, 0.49259, 8, 0.600582, 8, 0.570056, 11, 0.559651, 10, 0.640294, 1, 0.573019, 9, 0.481495, 9, 0.640294, 3, 0.639036, 5, 0.640142, 4, 0.640202, 3, 0.64029, 4, 0.640347, 0, 0.640347, 0
0.527009, 16, 0.640347, 0, 0.474324, 11, 0.600581, 11, 0.615269, 14, 0.638766, 5, 0.54769, 10, 0.527009, 15, 0.573019, 8, 0.492448, 8, 0.492448, 8, 0.639955, 6, 0.640294, 3, 0.474673, 10, 0.608461, 9, 0.570049, 9, 0.627839, 8, 0.559651, 10, 0.640322, 2, 0.640294, 1, 0.640294, 1
0.494591, 16, 0.640347, 0, 0.366845, 15, 0.638766, 5, 0.432102, 14, 0.366845, 15, 0.53699, 14, 0.615269, 10, 0.562634, 11, 0.639724, 7, 0.572976, 9, 0.579319, 13, 0.497701, 15, 0.600641, 11, 0.640303, 1, 0.471162, 13, 0.432102, 14, 0.471162, 13, 0.640265, 3, 0.640265, 3, 0.640265, 3
0.640347, 0, 0.34945, 16, 0.34945, 16, 0.366845, 15, 0.640294, 1, 0.630184, 8, 0.471162, 13, 0.638734, 5, 0.494591, 15, 0.424999, 13, 0.597115, 12, 0.638734, 5, 0.53699, 13, 0.570082, 10, 0.526961, 14, 0.432102, 14, 0.570082, 10, 0.607961, 11, 0.62751, 9, 0.601884, 9, 0.601884, 9
0.640347, 0, 0.347436, 15, 0.520284, 18, 0.583041, 8, 0.424999, 13, 0.442486, 12, 0.640294, 2, 0.638733, 5, 0.347436, 15, 0.564417, 14, 0.607727, 10, 0.543018, 12, 0.485961, 15, 0.602429, 10, 0.520284, 18, 0.638733, 5, 0.518303, 13, 0.485961, 15, 0.424999, 13, 0.424999, 13, 0.424999, 13
0.636997, 19, 0.640347, 0, 0.347436, 15, 0.442486, 12, 0.474494, 15, 0.600922, 18, 0.571196, 8, 0.386337, 14, 0.533669, 13, 0.50236, 10, 0.386337, 13, 0.607727, 11, 0.638733, 5, 0.638733, 5, 0.640294, 2, 0.571196, 8, 0.498105, 11, 0.525777, 9, 0.525637, 13, 0.640294, 1, 0.640294, 1
0.347436, 15, 0.601258, 19, 0.640347, 0, 0.493236, 14, 0.425823, 12, 0.640294, 2, 0.570267, 8, 0.460841, 15, 0.426224, 11, 0.588879, 10, 0.525777, 9, 0.629413, 8, 0.386337, 14, 0.347436, 15, 0.525777, 9, 0.638733, 5, 0.638733, 5, 0.601258, 17, 0.63865, 17, 0.386337, 14, 0.386337, 14
0.640347, 0, 0.324149, 15, 0.638733, 5, 0.425823, 12, 0.570047, 8, 0.386337, 13, 0.347436, 15, 0.512025, 11, 0.533669, 13, 0.640221, 4, 0.640294, 2, 0.493236, 14, 0.601924, 10, 0.608266, 10, 0.570047, 8, 0.451875, 9, 0.525777, 9, 0.640294, 1, 0.453567, 15, 0.493236, 14, 0.493236, 14
0.636216, 24, 0.324149, 15, 0.640347, 0, 0.640347, 0, 0.426224, 11, 0.637001, 20, 0.570047, 9, 0.386337, 13, 0.612835, 10, 0.638733, 5, 0.533669, 14, 0.627253, 8, 0.637176, 16, 0.640294, 2, 0.493236, 14, 0.324149, 15, 0.453367, 15, 0.636264, 24, 0.386337, 13, 0.48114, 14, 0.48114, 14
0.324149, 15, 0.635743, 28, 0.640347, 0, 0.451389, 15, 0.386337, 13, 0.627313, 8, 0.564023, 11, 0.636161, 25, 0.382585, 14, 0.530659, 14, 0.608266, 10, 0.637001, 20, 0.324149, 15, 0.637001, 21, 0.640336, 4, 0.579128, 10, 0.493236, 14, 0.638733, 5, 0.640347, 0, 0.493236, 14, 0.493236, 14
0.324149, 15, 0.640347, 0, 0.635743, 28, 0.426224, 10, 0.493236, 14, 0.545247, 12, 0.597207, 11, 0.60909, 8, 0.324149, 15, 0.637117, 20, 0.453567, 15, 0.386337, 13, 0.532369, 14, 0.382033, 14, 0.640308, 3, 0.637117, 21, 0.636161, 24, 0.636161, 25, 0.640307, 3, 0.60909, 8, 0.60909, 8
0.63583, 28, 0.640347, 0, 0.283355, 15, 0.382033, 14, 0.493236, 14, 0.637301, 21, 0.533669, 13, 0.283355, 15, 0.579899, 12, 0.426224, 10, 0.631914, 8, 0.640347, 4, 0.602766, 11, 0.60909, 9, 0.640347, 5, 0.636161, 24, 0.636095, 25, 0.640347, 0, 0.398344, 15, 0.426224, 10, 0.426224, 10
0.283355, 15, 0.640347, 0, 0.635994, 24, 0.382033, 14, 0.424081, 15, 0.525557, 13, 0.487471, 10, 0.577753, 8, 0.283355, 15, 0.60182, 11, 0.638797, 17, 0.640295, 4, 0.637423, 21, 0.637301, 20, 0.577753, 8, 0.506697, 14, 0.629634, 10, 0.636136, 24, 0.640209, 3, 0.640245, 2, 0.640245, 2
0.635285, 28, 0.640347, 0, 0.283355, 15, 0.487471, 10, 0.520249, 8, 0.382033, 14, 0.283355, 15, 0.398344, 15, 0.640205, 2, 0.601817, 18, 0.638866, 21, 0.533242, 14, 0.620268, 15, 0.636531, 24, 0.634915, 28, 0.637993, 13, 0.638798, 25, 0.579128, 10, 0.603108, 10, 0.640347, 0, 0.640347, 0
0.636041, 33, 0.283355, 15, 0.640347, 0, 0.481726, 14, 0.382033, 14, 0.398344, 15, 0.283355, 15, 0.63822, 21, 0.634409, 28, 0.634409, 29, 0.570254, 10, 0.600586, 17, 0.580242, 13, 0.520249, 8, 0.533242, 14, 0.503326, 8, 0.640279, 5, 0.60182, 10, 0.640292, 3, 0.637117, 20, 0.637117, 20
0.63583, 28, 0.640347, 0, 0.272035, 15, 0.382033, 14, 0.503326, 8, 0.272035, 15, 0.634882, 24, 0.637074, 20, 0.640295, 4, 0.570254, 10, 0.544675, 13, 0.639465, 17, 0.503326, 12, 0.597335, 11, 0.398344, 15, 0.444979, 13, 0.445481, 14, 0.634882, 25, 0.640347, 1, 0.596518, 14, 0.596518, 14
0.640347, 0, 0.635527, 32, 0.269455, 23, 0.382033, 14, 0.272035, 15, 0.503326, 8, 0.434736, 14, 0.601668, 11, 0.640293, 4, 0.634722, 25, 0.636821, 20, 0.63583, 28, 0.576269, 8, 0.530985, 13, 0.398344, 15, 0.503326, 9, 0.638183, 16, 0.533242, 14, 0.635527, 32, 0.640347, 0, 0.640347, 0
0.268245, 23, 0.640347, 0, 0.635527, 32, 0.382033, 14, 0.272035, 15, 0.570144, 12, 0.640294, 3, 0.63583, 28, 0.493932, 8, 0.46072, 11, 0.601668, 10, 0.533242, 14, 0.432687, 14, 0.636821, 20, 0.636968, 17, 0.636379, 24, 0.629213, 9, 0.635341, 32, 0.493932, 8, 0.398401, 15, 0.398401, 15
0.640347, 0, 0.635527, 32, 0.268245, 23, 0.382033, 14, 0.272035, 15, 0.488048, 11, 0.432687, 14, 0.636968, 18, 0.502841, 10, 0.572003, 9, 0.640292, 5, 0.635354, 32, 0.572003, 8, 0.601704, 10, 0.399921, 15, 0.636215, 24, 0.640304, 1, 0.63583, 28, 0.635695, 28, 0.269455, 23, 0.269455, 23
0.635527, 33, 0.246821, 12, 0.640347, 0, 0.272035, 15, 0.382033, 14, 0.598456, 19, 0.428749, 14, 0.571927, 8, 0.595146, 22, 0.502841, 10, 0.530396, 12, 0.636215, 24, 0.483911, 12, 0.568286, 11, 0.629022, 13, 0.63583, 29, 0.635771, 28, 0.640304, 1, 0.398576, 15, 0.640295, 5, 0.640295, 5
0.635444, 32, 0.640347, 0, 3.20402e-05, 12, 3.20402e-05, 12, 0.428932, 11, 0.640244, 5, 0.60988, 8, 0.446648, 11, 0.568286, 11, 0.571927, 10, 0.636182, 24, 0.640347, 0, 0.637092, 16, 0.63706, 20, 0.63614, 25, 0.635527, 32, 0.635771, 28, 0.63706, 20, 0.637092, 16, 0.63583, 28, 0.63583, 28
0.640347, 0, 1.43863e-05, 12, 0.635527, 32, 0.42122, 10, 1.43863e-05, 12, 0.591357, 11, 0.42122, 10, 0.637071, 16, 0.602522, 8, 0.640249, 6, 0.636915, 20, 0.640306, 2, 0.637554, 13, 0.63583, 28, 0.636215, 24, 0.635711, 28, 0.635527, 32, 0.636915, 21, 0.636215, 24, 0.640347, 1, 0.640347, 1
1.43863e-05, 12, 0.635151, 24, 0.640347, 0, 0.391486, 10, 1.43863e-05, 12, 0.570048, 11, 0.396084, 10, 0.640251, 5, 0.600783, 9, 0.636655, 20, 0.640297, 0, 0.640109, 6, 0.600998, 19, 0.637533, 16, 0.637452, 14, 0.60159, 10, 0.640125, 15, 0.637533, 16, 1.43863e-05, 12, 0.640347, 0, 0.640347, 0
1.43863e-05, 12, 0.640347, 0, 0.635205, 25, 1.43863e-05, 12, 0.39105, 11, 0.570048, 10, 0.39105, 11, 0.600828, 18, 0.640291, 6, 0.600543, 14, 0.64013, 3, 0.636403, 21, 0.637243, 16, 0.63785, 20, 0.637522, 24, 0.640308, 2, 0.634976, 24, 0.598179, 10, 0.600794, 8, 0.640347, 0, 0.640347, 0
0.635404, 25, 0.640347, 0, 1.43863e-05, 12, 0.39105, 10, 1.43863e-05, 12, 0.396084, 10, 0.570068, 11, 0.636372, 20, 0.640297, 4, 0.640256, 6, 0.635821, 24, 0.637421, 21, 0.637203, 16, 0.640308, 1, 0.600635, 8, 0.637388, 14, 0.606983, 11, 0.600635, 8, 0.638182, 13, 0.637203, 16, 0.637203, 16
1.43863e-05, 12, 0.640347, 0, 0.634877, 24, 0.000258964, 15, 0.39105, 11, 0.570068, 11, 0.39105, 10, 0.637184, 16, 0.60159, 14, 0.634877, 24, 0.636667, 20, 0.636667, 20, 0.640292, 5, 0.628316, 8, 0.64022, 7, 0.640339, 2, 0.640294, 3, 0.627287, 10, 0.640347, 0, 0.597256, 10, 0.597256, 10
1.42482e-05, 18, 0.635062, 24, 0.640347, 0, 0.390284, 12, 0.000258964, 15, 0.570068, 11, 0.39105, 11, 0.636705, 21, 0.627261, 8, 0.593681, 10, 0.63469, 24, 0.637557, 14, 0.640124, 6, 0.637184, 16, 0.640291, 3, 0.640327, 3, 0.640347, 0, 0.627261, 9, 1.42482e-05, 18, 0.640157, 6, 0.640157, 6
1.42482e-05, 18, 0.640347, 0, 0.635296, 24, 0.640347, 0, 0.000258964, 15, 0.385315, 12, 0.466453, 10, 0.639513, 4, 0.579016, 10, 0.627261, 8, 0.636614, 21, 0.640295, 2, 0.39105, 11, 0.462226, 10, 0.385315, 12, 0.637176, 16, 0.635358, 24, 0.636614, 20, 0.602522, 11, 0.627261, 8, 0.627261, 8
0.640347, 0, 0.635282, 29, 1.42482e-05, 18, 0.000258964, 15, 0.390807, 10, 0.564256, 14, 0.394387, 10, 0.607883, 8, 0.639513, 4, 0.60059, 11, 0.635358, 25, 0.636614, 21, 0.635296, 24, 0.635282, 28, 0.627261, 9, 0.637176, 16, 0.636614, 20, 0.585852, 10, 0.640293, 2, 0.640308, 0, 0.640308, 0
1.42482e-05, 18, 0.635014, 29, 0.640347, 0, 0.640347, 0, 0.000258964, 15, 0.390807, 10, 0.570673, 9, 0.390807, 10, 0.635095, 24, 0.597256, 12, 0.627261, 8, 0.635014, 28, 0.636614, 20, 0.640279, 5, 0.570673, 10, 0.640337, 4, 0.640186, 2, 0.636614, 20, 0.63717, 16, 0.640337, 2, 0.640337, 2
1.42482e-05, 18, 0.640347, 0, 0.634937, 28, 0.640347, 0, 0.000258964, 15, 0.390807, 10, 0.405338, 10, 0.639811, 5, 0.635358, 24, 0.532978, 9, 0.640295, 1, 0.600778, 8, 0.634937, 28, 0.636673, 21, 0.57006, 9, 0.637269, 17, 0.636614, 20, 0.532978, 9, 0.628556, 8, 0.602741, 10, 0.602741, 10
1.42482e-05, 18, 0.640347, 0, 0.634779, 32, 0.390807, 11, 0.000266756, 12, 0.532978, 9, 0.42771, 10, 0.576829, 8, 0.636614, 21, 0.59416, 14, 0.640347, 0, 0.639674, 5, 0.637176, 16, 0.635065, 28, 0.635358, 24, 0.634937, 28, 0.634779, 32, 0.639674, 5, 0.635358, 24, 0.602741, 10, 0.602741, 10
1.42482e-05, 18, 0.634582, 33, 0.640347, 0, 0.000266756, 12, 0.389168, 10, 0.389168, 10, 0.515193, 9, 0.57846, 14, 0.635348, 25, 0.589261, 8, 0.639674, 5, 0.640266, 3, 0.526765, 9, 0.637176, 16, 0.636542, 21, 0.635065, 28, 0.634828, 29, 0.634657, 32, 0.603381, 10, 0.636631, 21, 0.636631, 21
1.42482e-05, 18, 0.640347, 0, 0.634774, 33, 0.000356975, 15, 0.387486, 11, 0.570475, 8, 0.387486, 10, 0.491839, 9, 0.637543, 21, 0.639674, 5, 0.57846, 14, 0.634657, 32, 0.491839, 9, 0.639674, 2, 0.636611, 25, 0.636748, 24, 0.635024, 29, 0.602741, 10, 0.635065, 28, 1.42482e-05, 18, 1.42482e-05, 18
0.634774, 33, 1.42482e-05, 18, 0.640347, 0, 0.000356975, 15, 0.382986, 11, 0.491839, 8, 0.570496, 14, 0.64032, 1, 0.634657, 32, 0.386666, 11, 0.491839, 9, 0.600635, 10, 0.636461, 25, 0.637381, 20, 0.636791, 22, 0.63471, 28, 0.637396, 17, 0.64031, 12, 0.636785, 24, 0.63471, 28, 0.63471, 28
1.42482e-05, 18, 0.634657, 32, 0.640347, 0, 0.000258964, 15, 0.382986, 11, 0.570496, 14, 0.491839, 8, 0.634685, 28, 0.382986, 10, 0.63753, 21, 0.491839, 8, 0.634657, 32, 0.640294, 4, 0.636668, 25, 0.636767, 24, 0.60465, 10, 0.637558, 17, 0.640294, 2, 0.602344, 11, 0.640294, 3, 0.640294, 3
0.640347, 0, 0.63984, 35, 1.42482e-05, 18, 0.375102, 10, 0.000258964, 15, 0.491839, 8, 0.491839, 9, 0.606082, 12, 0.636422, 24, 0.640294, 4, 0.634668, 28, 0.57272, 8, 0.634657, 32, 0.640209, 21, 0.639851, 30, 0.640312, 1, 0.584444, 10, 0.637272, 20, 0.640237, 17, 0.63984, 34, 0.63984, 34
0.640347, 0, 0.634657, 32, 1.42482e-05, 18, 0.000258964, 15, 0.37122, 10, 0.491839, 8, 0.572655, 9, 0.640294, 4, 0.375102, 10, 0.491839, 8, 0.634685, 28, 0.60159, 12, 0.636529, 24, 0.639534, 30, 0.639572, 25, 0.640313, 1, 0.60159, 11, 0.60159, 12, 0.637196, 20, 0.637662, 21, 0.637662, 21
0.634657, 32, 0.640347, 0, 1.42482e-05, 18, 0.000258964, 15, 0.37122, 11, 0.375102, 10, 0.627922, 8, 0.472721, 9, 0.640294, 4, 0.491839, 8, 0.566039, 9, 0.634657, 32, 0.63526, 28, 0.636529, 24, 0.634685, 28, 0.640297, 2, 0.628464, 21, 0.63663, 24, 0.570978, 9, 0.628464, 21, 0.628464, 21
0.640347, 0, 0.634657, 32, 1.42482e-05, 18, 0.000258964, 14, 0.369699, 11, 0.563782, 8, 0.636529, 24, 0.634685, 29, 0.375102, 10, 0.640114, 4, 0.463023, 9, 0.530525, 9, 0.636529, 25, 0.601142, 13, 1.42482e-05, 18, 0.640294, 2, 0.472721, 9, 0.640347, 0, 0.599367, 11, 0.369699, 11, 0.369699, 11
0.640347, 0, 0.634657, 32, 1.42482e-05, 18, 0.000258964, 15, 0.369699, 11, 0.570094, 8, 0.491839, 9, 0.636496, 24, 0.463023, 9, 0.640297, 2, 0.369699, 11, 0.637272, 21, 0.634685, 28, 0.634685, 28, 0.634657, 32, 0.604366, 12, 0.637884, 19, 0.000258964, 14, 1.42482e-05, 18, 0.600711, 12, 0.600711, 12
0.635572, 28, 1.42482e-05, 18, 0.640347, 0, 0.000258964, 14, 0.369082, 10, 0.629698, 8, 0.640294, 2, 0.529083, 9, 0.463023, 9, 0.369082, 10, 0.600673, 10, 0.63991, 13, 0.638057, 16, 0.636421, 26, 0.491839, 9, 0.637272, 21, 0.637885, 21, 1.42482e-05, 18, 0.636529, 24, 0.636529, 24, 0.636529, 24
0.640347, 0, 1.42482e-05, 18, 0.635344, 28, 0.000258964, 14, 0.369082, 10, 0.640294, 2, 0.491839, 8, 0.463023, 9, 0.57272, 9, 0.369082, 10, 0.491839, 8, 0.601386, 12, 0.635263, 28, 0.637381, 16, 0.636409, 24, 0.63663, 25, 0.637052, 21, 0.637052, 20, 0.605147, 10, 0.603249, 11, 0.603249, 11
1.42482e-05, 18, 0.639984, 26, 0.640347, 0, 0.000258964, 14, 0.463023, 9, 0.221211, 10, 0.221211, 10, 0.640294, 2, 0.632739, 8, 0.491839, 8, 0.635219, 24, 0.570156, 8, 0.603249, 11, 0.637381, 16, 0.636635, 21, 0.636954, 20, 0.627942, 10, 0.463023, 9, 0.000258964, 14, 0.603249, 11, 0.603249, 11
0.635142, 24, 0.640347, 0, 1.42482e-05, 18, 0.000258964, 14, 0.221211, 10, 0.291039, 12, 0.570156, 8, 0.521498, 10, 0.415428, 11, 0.640304, 2, 0.415428, 10, 0.235351, 9, 0.637209, 16, 0.636472, 20, 0.63687, 22, 0.640302, 5, 0.640294, 6, 0.291039, 12, 0.601559, 11, 0.610845, 10, 0.610845, 10
0.634584, 28, 0.640347, 0, 1.42482e-05, 18, 0.271492, 9, 0.569672, 10, 0.000957345, 13, 0.221211, 10, 0.634841, 24, 0.570156, 8, 0.64027, 5, 0.601794, 11, 0.63643, 20, 0.640295, 3, 0.235351, 9, 0.637519, 16, 0.640298, 1, 0.616911, 9, 0.63643, 20, 0.000258964, 15, 0.000258964, 14, 0.000258964, 14
0.640347, 0, 1.42482e-05, 18, 0.634567, 28, 0.570156, 8, 0.000484063, 14, 0.221211, 10, 0.391913, 11, 0.640259, 2, 0.271492, 9, 0.63643, 20, 0.391809, 11, 0.637519, 16, 0.634841, 24, 0.634841, 24, 0.631373, 12, 0.221211, 10, 0.604511, 11, 0.570156, 8, 0.271492, 10, 0.613861, 8, 0.613861, 8
0.634538, 28, 0.640347, 0, 1.42482e-05, 18, 0.570073, 8, 0.228067, 10, 0.221211, 11, 0.000258964, 14, 0.640259, 5, 0.570073, 8, 0.637519, 16, 0.635167, 24, 0.636441, 20, 0.634838, 24, 0.634538, 28, 0.602802, 9, 0.00020667, 13, 0.640259, 2, 0.615569, 10, 0.636648, 20, 0.640347, 0, 0.640347, 0
0.634538, 28, 0.640347, 0, 1.42482e-05, 18, 0.228067, 10, 0.570073, 8, 0.221211, 11, 0.000258964, 15, 0.640294, 5, 0.634915, 24, 0.640313, 2, 0.570073, 8, 0.636412, 20, 0.637213, 16, 0.637382, 13, 0.636637, 22, 0.602344, 10, 0.637489, 12, 0.636637, 21, 0.000258964, 15, 0.602344, 10, 0.602344, 10
0.634538, 28, 0.640347, 0, 1.42482e-05, 18, 0.570073, 8, 0.228067, 10, 0.0276531, 14, 0.221211, 11, 0.636637, 20, 0.640259, 5, 0.635208, 24, 0.634915, 24, 0.634538, 28, 0.602344, 13, 0.000258964, 15, 0.637213, 16, 0.602344, 12, 0.640294, 3, 0.629785, 8, 0.628303, 11, 0.640322, 1, 0.640322, 1
0.634538, 28, 0.640347, 0, 1.42482e-05, 18, 0.570073, 8, 0.228067, 11, 0.221211, 12, 0.00256369, 14, 0.636441, 20, 0.570073, 9, 0.637213, 16, 0.640257, 4, 0.635208, 24, 0.635208, 24, 0.640259, 2, 0.634538, 28, 0.61451, 8, 0.00256369, 14, 0.640257, 4, 1.42482e-05, 18, 0.228067, 11, 0.228067, 11
1.42482e-05, 18, 0.640347, 0, 0.634536, 28, 0.527499, 8, 0.228067, 10, 0.00146759, 14, 0.221211, 12, 0.582667, 8, 0.640294, 4, 0.634536, 28, 0.61349, 11, 0.635208, 24, 0.636637, 20, 0.634845, 24, 0.640257, 3, 0.640339, 1, 0.228067, 10, 0.637213, 16, 0.636382, 20, 0.637213, 16, 0.637213, 16
0.640347, 0, 0.634536, 28, 1.42482e-05, 18, 0.511893, 9, 0.228067, 10, 0.221211, 12, 0.000258964, 14, 0.640259, 3, 0.578278, 9, 0.600675, 11, 0.637213, 16, 0.636395, 21, 0.635208, 24, 0.638461, 8, 0.640256, 6, 0.636637, 20, 0.635208, 24, 0.640347, 0, 0.640257, 5, 0.000258964, 14, 0.000258964, 14
1.42482e-05, 18, 0.634536, 28, 0.640347, 0, 0.511893, 9, 0.228067, 10, 0.221211, 12, 0.000258964, 14, 0.640259, 2, 0.640259, 7, 0.634536, 28, 0.578278, 8, 0.63617, 24, 0.636385, 21, 0.523012, 8, 0.600879, 11, 0.638178, 15, 0.637213, 17, 0.636448, 20, 0.634926, 24, 0.594513, 13, 0.594513, 13
1.42482e-05, 18, 0.635208, 24, 0.640347, 0, 0.511893, 9, 0.228067, 10, 0.221211, 12, 0.000258964, 14, 0.636637, 21, 0.570048, 8, 0.640275, 3, 0.634914, 24, 0.601312, 10, 0.638178, 15, 0.640274, 5, 0.637391, 17, 0.637384, 19, 0.640323, 1, 0.640274, 6, 0.627246, 11, 0.570048, 8, 0.570048, 8
0.635176, 28, 0.640347, 0, 1.42482e-05, 18, 0.22177, 10, 0.000258964, 14, 0.496283, 9, 0.221211, 12, 0.570048, 8, 0.640259, 3, 0.600587, 11, 0.496283, 8, 0.639287, 16, 0.636371, 21, 0.635208, 24, 0.635208, 24, 0.640298, 1, 0.630087, 9, 0.636373, 20, 0.570048, 9, 0.637489, 20, 0.637489, 20
1.42482e-05, 18, 0.640347, 0, 0.636185, 25, 0.640347, 0, 0.000258964, 14, 0.22177, 10, 0.49323, 9, 0.221211, 12, 0.49323, 8, 0.570048, 9, 0.635208, 24, 0.602344, 10, 0.640214, 5, 0.636629, 21, 0.640259, 2, 0.63877, 15, 0.637192, 17, 0.636637, 20, 0.640347, 4, 0.221693, 12, 0.221693, 12
0.63468, 25, 1.42482e-05, 18, 0.640347, 0, 0.38302, 8, 0.221211, 12, 0.000258964, 14, 0.593746, 10, 0.22177, 10, 0.63468, 25, 0.636821, 21, 0.602344, 11, 0.640094, 4, 0.636523, 21, 0.637213, 16, 0.640259, 5, 0.628066, 10, 0.637251, 17, 0.000258964, 14, 0.640259, 2, 0.640259, 2, 0.640259, 2
1.42482e-05, 18, 0.634759, 24, 0.640347, 0, 0.640347, 0, 0.590567, 10, 0.231636, 9, 0.221663, 8, 0.000258964, 14, 0.640091, 4, 0.637366, 21, 0.638562, 17, 0.59668, 11, 0.634759, 24, 0.63779, 20, 0.640125, 13, 0.602344, 10, 0.640259, 2, 0.640266, 2, 0.231636, 9, 0.632252, 10, 0.632252, 10
0.634715, 26, 0.640347, 0, 1.42482e-05, 18, 0.640347, 1, 0.231636, 9, 0.590567, 10, 0.221663, 8, 0.00182344, 13, 0.636422, 22, 0.637894, 16, 0.640085, 5, 0.635092, 26, 0.59668, 11, 0.000258964, 14, 0.636943, 20, 0.640264, 2, 0.640085, 4, 0.601298, 10, 0.637364, 21, 0.637786, 18, 0.637786, 18
0.634711, 27, 1.41968e-05, 18, 0.640347, 0, 0.426847, 8, 0.231636, 9, 0.000879092, 13, 0.221663, 8, 0.593746, 11, 0.426847, 8, 0.640085, 4, 0.636428, 22, 0.635081, 24, 0.636696, 20, 0.64026, 2, 0.602344, 11, 0.000258964, 14, 0.634859, 26, 0.60159, 12, 0.63726, 16, 0.63726, 16, 0.63726, 16
