0.640347, 0, 0.640347, 0, 0.665303, 0, 0.640347, 2, 0.713498, 0, 0.664409, 0, 0.654231, 1, 0.640347, 3, 0.640347, 2, 0.640347, 2, 0.640347, 2, 0.640925, 2, 0.640347, 2, 0.646076, 2, 0.640347, 4, 0.640347, 2, 0.640347, 3, 0.640347, 4, 0.651373, 2, 0.943738, 8, 0.943738, 8
0.640294, 1, 0.640294, 0, 0.640347, 0, 0.640294, 0, 0.640294, 1, 0.640294, 0, 0.640347, 0, 0.640294, 0, 0.640294, 0, 0.640294, 1, 0.640294, 0, 0.640294, 0, 0.640294, 0, 0.640294, 0, 0.640294, 0, 0.640294, 0, 0.640294, 0, 0.640294, 0, 0.640294, 0, 0.640294, 0, 0.640294, 0
0.640347, 0, 0.600594, 9, 0.600594, 9, 0.627252, 8, 0.600594, 9, 0.64028, 2, 0.64028, 2, 0.627252, 8, 0.64028, 1, 0.640294, 0, 0.640294, 1, 0.640347, 0, 0.640294, 0, 0.640294, 1, 0.640294, 1, 0.640294, 1, 0.640294, 1, 0.640347, 0, 0.640294, 1, 0.600594, 9, 0.600594, 9
0.600594, 8, 0.640347, 0, 0.627252, 10, 0.627252, 9, 0.600594, 8, 0.640259, 3, 0.600594, 8, 0.640259, 3, 0.627252, 10, 0.640347, 0, 0.640322, 1, 0.640296, 1, 0.640259, 2, 0.640259, 2, 0.600594, 9, 0.640294, 1, 0.640259, 2, 0.640322, 1, 0.640297, 3, 0.640259, 2, 0.640259, 2
0.600585, 8, 0.600585, 12, 0.640347, 0, 0.627248, 9, 0.600585, 12, 0.640257, 4, 0.640257, 3, 0.628201, 8, 0.628201, 8, 0.640294, 1, 0.640347, 0, 0.640259, 2, 0.640294, 1, 0.640258, 3, 0.640259, 2, 0.600585, 11, 0.600585, 10, 0.600585, 11, 0.600585, 9, 0.600585, 10, 0.600585, 10
0.640347, 0, 0.6005, 10, 0.600585, 12, 0.640257, 2, 0.600585, 9, 0.627248, 9, 0.600585, 8, 0.627248, 8, 0.6005, 10, 0.600585, 11, 0.640294, 1, 0.640347, 0, 0.640294, 1, 0.640257, 2, 0.600585, 12, 0.627248, 8, 0.600585, 11, 0.640259, 2, 0.600585, 8, 0.640347, 0, 0.640347, 0
0.6005, 10, 0.600585, 12, 0.640347, 0, 0.640347, 0, 0.627248, 8, 0.603013, 10, 0.640211, 7, 0.627248, 8, 0.600585, 12, 0.640238, 6, 0.640239, 5, 0.640259, 3, 0.640294, 1, 0.64026, 2, 0.640294, 1, 0.640215, 7, 0.640243, 2, 0.640257, 4, 0.640257, 4, 0.603013, 10, 0.603013, 10
0.600585, 12, 0.640347, 0, 0.6005, 10, 0.601927, 8, 0.627248, 12, 0.640209, 6, 0.627248, 11, 0.640211, 6, 0.640237, 3, 0.640229, 5, 0.600585, 9, 0.6005, 10, 0.600585, 11, 0.640259, 2, 0.640294, 1, 0.640347, 0, 0.640294, 1, 0.64024, 2, 0.640229, 4, 0.627248, 8, 0.627248, 8
0.600428, 12, 0.640347, 0, 0.600585, 8, 0.627248, 11, 0.627248, 9, 0.639353, 4, 0.63951, 5, 0.640023, 3, 0.639515, 4, 0.640107, 3, 0.640257, 2, 0.6005, 10, 0.6005, 10, 0.600428, 12, 0.640347, 0, 0.640294, 1, 0.640294, 1, 0.640257, 2, 0.63951, 5, 0.627248, 11, 0.627248, 11
0.640347, 0, 0.600257, 12, 0.600585, 9, 0.627248, 10, 0.627248, 8, 0.639353, 3, 0.639509, 5, 0.639525, 3, 0.640195, 2, 0.600257, 12, 0.639509, 5, 0.640195, 2, 0.640294, 1, 0.640347, 0, 0.640294, 1, 0.63951, 4, 0.63951, 4, 0.627248, 10, 0.600585, 11, 0.627248, 11, 0.627248, 11
0.640347, 0, 0.588873, 12, 0.627248, 10, 0.600581, 9, 0.628106, 8, 0.639286, 3, 0.639391, 6, 0.588873, 12, 0.594363, 11, 0.639395, 5, 0.595531, 10, 0.600581, 9, 0.639356, 4, 0.594363, 11, 0.640194, 2, 0.640294, 1, 0.640194, 2, 0.640347, 0, 0.640294, 1, 0.600581, 8, 0.600581, 8
0.326334, 16, 0.640347, 0, 0.417577, 13, 0.326334, 16, 0.627248, 11, 0.508816, 12, 0.441458, 14, 0.600581, 8, 0.627248, 8, 0.588388, 12, 0.441458, 14, 0.556271, 13, 0.640309, 1, 0.639382, 5, 0.515213, 13, 0.639524, 4, 0.639352, 3, 0.556271, 13, 0.639351, 5, 0.600581, 8, 0.600581, 8
0.325953, 14, 0.640347, 0, 0.326334, 15, 0.588388, 12, 0.44112, 13, 0.44112, 13, 0.328543, 12, 0.627248, 10, 0.600581, 8, 0.639351, 5, 0.627248, 8, 0.640202, 2, 0.639352, 3, 0.640297, 1, 0.639351, 4, 0.627248, 11, 0.326334, 15, 0.328543, 12, 0.325953, 14, 0.639351, 5, 0.639351, 5
0.640347, 0, 0.637384, 14, 0.224012, 11, 0.224012, 9, 0.600581, 8, 0.627248, 8, 0.639719, 5, 0.637384, 13, 0.640294, 1, 0.639508, 3, 0.639523, 2, 0.627248, 10, 0.639335, 4, 0.639615, 5, 0.639351, 4, 0.640312, 0, 0.637384, 13, 0.627248, 10, 0.224012, 11, 0.600581, 8, 0.600581, 8
0.640347, 0, 0.222424, 9, 0.63738, 14, 0.60058, 8, 0.222424, 9, 0.627247, 8, 0.639526, 5, 0.627247, 11, 0.627247, 12, 0.637382, 13, 0.639778, 3, 0.639314, 4, 0.640025, 2, 0.640294, 1, 0.640025, 2, 0.639526, 5, 0.639314, 4, 0.640294, 1, 0.640347, 0, 0.60058, 8, 0.60058, 8
0.221183, 8, 0.640347, 0, 0.637382, 15, 0.640347, 0, 0.60058, 10, 0.221183, 8, 0.639678, 5, 0.627247, 12, 0.627247, 11, 0.637382, 13, 0.637821, 9, 0.640294, 1, 0.637382, 14, 0.639281, 4, 0.640025, 2, 0.639678, 5, 0.640025, 2, 0.639281, 4, 0.639544, 3, 0.639544, 3, 0.639544, 3
0.640347, 0, 0.637382, 15, 0.221183, 11, 0.60058, 9, 0.221183, 8, 0.627247, 8, 0.639549, 5, 0.639281, 4, 0.640294, 1, 0.221183, 10, 0.637382, 13, 0.60058, 9, 0.627247, 8, 0.637382, 13, 0.640025, 2, 0.640025, 2, 0.639549, 5, 0.639415, 3, 0.639415, 3, 0.640347, 0, 0.640347, 0
0.637382, 15, 0.221183, 10, 0.640347, 0, 0.60058, 8, 0.221183, 10, 0.60058, 8, 0.627642, 11, 0.639548, 5, 0.221183, 12, 0.639534, 4, 0.637382, 14, 0.221183, 9, 0.637382, 14, 0.640022, 3, 0.639548, 5, 0.640256, 2, 0.640294, 1, 0.640261, 3, 0.640294, 1, 0.640256, 2, 0.640256, 2
0.221183, 9, 0.63738, 15, 0.640347, 0, 0.64032, 0, 0.221183, 11, 0.60058, 9, 0.639513, 3, 0.60058, 8, 0.627257, 10, 0.60058, 12, 0.628149, 9, 0.637382, 13, 0.640256, 2, 0.640256, 2, 0.640294, 1, 0.640294, 1, 0.637382, 14, 0.63738, 13, 0.60058, 12, 0.637382, 14, 0.637382, 14
0.221183, 8, 0.469404, 33, 0.640347, 0, 0.64032, 0, 0.221183, 8, 0.59844, 18, 0.469404, 33, 0.469404, 17, 0.59844, 18, 0.60058, 9, 0.63729, 15, 0.637382, 13, 0.627292, 11, 0.640259, 2, 0.639534, 4, 0.63951, 5, 0.627292, 10, 0.637382, 14, 0.640296, 1, 0.627292, 11, 0.627292, 11
0.238748, 17, 0.221183, 8, 0.640347, 0, 0.418245, 16, 0.57691, 16, 0.389425, 17, 0.267769, 16, 0.639767, 4, 0.63788, 13, 0.638973, 12, 0.60058, 9, 0.639533, 3, 0.627292, 10, 0.640295, 1, 0.627292, 10, 0.637646, 8, 0.627292, 9, 0.406421, 16, 0.640295, 1, 0.640347, 0, 0.640347, 0
0.640347, 0, 0.637, 25, 0.202523, 17, 0.60058, 10, 0.267769, 16, 0.628149, 8, 0.226626, 18, 0.63951, 4, 0.637175, 21, 0.637, 25, 0.60058, 9, 0.636904, 21, 0.267769, 16, 0.243896, 16, 0.63761, 12, 0.640256, 2, 0.637387, 14, 0.203144, 17, 0.63951, 3, 0.637419, 13, 0.637419, 13
0.0561741, 21, 1.97479e-05, 17, 0.640347, 0, 0.60058, 10, 0.240606, 16, 0.221183, 8, 0.0770031, 17, 0.628331, 18, 0.63951, 3, 0.640259, 2, 0.60058, 12, 0.0290731, 13, 0.240606, 16, 0.637419, 14, 0.640312, 0, 0.60058, 9, 0.60058, 11, 0.000489419, 14, 0.637419, 13, 0.63951, 3, 0.63951, 3
0.0541264, 18, 0.640347, 0, 1.95691e-05, 16, 0.59507, 13, 0.240606, 16, 0.221183, 8, 0.0770031, 17, 0.63951, 4, 0.000753828, 12, 0.64026, 2, 0.60058, 10, 0.627602, 15, 0.0536696, 18, 0.63951, 3, 0.640347, 0, 0.60058, 9, 0.221183, 8, 0.240606, 16, 0.627602, 15, 0.596201, 12, 0.596201, 12
1.91634e-05, 16, 0.00013396, 19, 0.640347, 0, 0.594732, 11, 0.240606, 16, 0.221183, 8, 0.639509, 3, 0.0540805, 17, 0.0257102, 14, 0.60058, 9, 0.627602, 15, 0.000419736, 12, 0.627602, 13, 0.64026, 2, 0.00013396, 18, 0.640294, 1, 0.0539735, 17, 0.221183, 8, 0.596201, 10, 0.596201, 10, 0.596201, 10
0.640313, 0, 1.91634e-05, 16, 0.640347, 0, 0.386371, 20, 0.221183, 8, 0.0540805, 17, 0.639509, 3, 0.240606, 16, 0.586517, 16, 0.627427, 14, 0.453959, 16, 0.000419736, 12, 0.64026, 2, 0.0534984, 18, 0.60058, 10, 0.0534984, 17, 0.59446, 11, 0.63741, 13, 0.60058, 9, 0.453959, 16, 0.453959, 16
1.63967e-05, 17, 0.640347, 0, 0.236017, 20, 0.221183, 8, 0.453959, 16, 0.59446, 11, 0.639509, 3, 0.0540805, 17, 0.0534879, 18, 0.000419736, 12, 0.304719, 16, 0.60058, 10, 0.627427, 14, 0.304719, 16, 0.640294, 2, 0.627427, 15, 0.221183, 8, 0.638741, 20, 0.640347, 0, 0.0540805, 17, 0.0540805, 17
0.640347, 0, 1.52755e-05, 12, 0.239213, 24, 0.264932, 16, 0.594403, 10, 0.053716, 17, 0.221183, 8, 0.627427, 14, 0.60479, 21, 0.000310721, 12, 0.640295, 3, 0.236017, 20, 0.599172, 23, 0.64029, 5, 0.0537125, 18, 0.640334, 1, 0.0534879, 17, 0.640291, 6, 0.221183, 9, 0.637646, 8, 0.637646, 8
1.52755e-05, 12, 0.637298, 25, 0.640347, 0, 0.264932, 16, 0.531637, 17, 0.221183, 8, 0.0537125, 18, 0.640281, 5, 4.34851e-05, 13, 0.640295, 2, 0.627427, 15, 0.594403, 10, 0.240369, 19, 0.531637, 17, 0.636292, 8, 0.594403, 10, 0.0534929, 18, 0.239213, 23, 0.636893, 21, 0.239213, 22, 0.239213, 22
0.239213, 22, 0.640347, 0, 1.47106e-05, 13, 0.268452, 17, 0.594375, 10, 0.0537125, 18, 0.221183, 8, 0.640281, 5, 0.640294, 1, 1.52755e-05, 12, 0.637171, 21, 0.627427, 14, 0.640285, 6, 0.0533927, 18, 0.600664, 9, 0.264932, 16, 0.264932, 16, 0.221183, 9, 0.594375, 10, 0.640094, 13, 0.640094, 13
1.47106e-05, 13, 0.640313, 0, 0.239213, 22, 0.640347, 0, 0.268452, 17, 0.594375, 11, 0.221183, 9, 0.0536569, 17, 0.627427, 14, 0.639512, 20, 0.245802, 16, 1.52755e-05, 12, 0.640285, 6, 0.640294, 3, 0.640285, 5, 0.0534347, 17, 0.594375, 11, 0.638784, 21, 0.637646, 8, 0.640294, 2, 0.640294, 2
1.47106e-05, 14, 0.639202, 24, 0.640347, 0, 0.594375, 10, 0.268452, 18, 0.0536569, 17, 0.221183, 9, 0.639257, 20, 0.640285, 5, 1.52755e-05, 12, 0.597268, 12, 0.239213, 22, 0.640294, 2, 0.640294, 3, 0.640285, 7, 0.239213, 22, 0.627246, 15, 0.637646, 8, 0.268452, 17, 0.640347, 0, 0.640347, 0
1.47106e-05, 13, 0.640347, 0, 0.239213, 22, 0.594375, 10, 0.221183, 8, 0.33166, 16, 0.0536569, 17, 0.640285, 5, 0.268452, 18, 0.239213, 22, 1.52755e-05, 12, 0.640294, 3, 0.627246, 14, 0.268452, 18, 0.33166, 16, 0.640299, 1, 0.636535, 9, 0.609879, 17, 0.33166, 16, 0.0536569, 17, 0.0536569, 17
0.238993, 22, 0.640347, 0, 1.42418e-05, 15, 0.594375, 10, 0.261809, 16, 0.221183, 8, 0.0536569, 17, 0.0533983, 18, 1.52755e-05, 12, 0.239195, 21, 0.611007, 11, 0.640274, 5, 0.640294, 1, 1.47106e-05, 13, 0.62362, 9, 0.640255, 5, 0.640294, 3, 0.640294, 3, 0.246538, 17, 0.639351, 21, 0.639351, 21
1.17949e-05, 12, 0.640347, 0, 0.238993, 22, 0.261809, 16, 0.594375, 12, 0.0536569, 17, 0.221183, 9, 0.640171, 4, 0.0533429, 19, 0.637646, 8, 0.631175, 10, 1.52755e-05, 12, 0.640177, 3, 0.609879, 18, 0.602922, 21, 0.640294, 1, 0.261809, 16, 0.221183, 9, 0.602922, 21, 0.6388, 8, 0.6388, 8
0.640347, 0, 1.17949e-05, 13, 0.0517812, 28, 0.221183, 8, 0.0536569, 17, 0.413872, 16, 0.594375, 12, 0.640136, 3, 0.600007, 21, 0.0517113, 25, 0.31987, 16, 0.238993, 22, 0.627526, 11, 0.413872, 16, 0.221183, 9, 0.242653, 16, 0.31987, 16, 0.0520172, 25, 1.17949e-05, 13, 1.7087e-05, 13, 1.7087e-05, 13
0.640347, 0, 0.238993, 22, 1.17949e-05, 12, 0.0536569, 17, 0.60174, 8, 0.413872, 16, 0.242283, 16, 0.221183, 9, 0.413872, 16, 0.640135, 4, 0.0259073, 18, 0.640135, 3, 0.221183, 8, 0.0203425, 20, 1.7087e-05, 12, 0.221183, 9, 0.623703, 15, 0.640347, 0, 0.602922, 21, 1.7087e-05, 14, 1.7087e-05, 14
0.640347, 0, 1.17949e-05, 13, 0.238993, 22, 0.251843, 16, 0.504997, 21, 0.221183, 9, 0.0536569, 17, 0.504997, 21, 0.617777, 13, 0.631547, 8, 0.640135, 4, 0.0201197, 19, 1.7087e-05, 14, 0.631547, 10, 0.0203247, 18, 0.640167, 2, 1.17949e-05, 12, 0.0536569, 17, 0.640294, 1, 0.640135, 4, 0.640135, 4
1.17949e-05, 13, 0.238993, 22, 0.640347, 0, 0.601697, 8, 0.276084, 17, 0.0536569, 18, 0.221183, 8, 0.640135, 4, 0.01576, 19, 0.238993, 22, 0.640135, 2, 0.627328, 10, 1.41746e-05, 12, 0.00153819, 15, 0.0158108, 18, 0.276084, 17, 0.00153819, 15, 0.640294, 1, 0.627328, 9, 0.627328, 8, 0.627328, 8
0.640347, 0, 1.17949e-05, 13, 0.638354, 23, 0.601638, 14, 0.247053, 17, 0.221183, 8, 0.0536569, 18, 0.640135, 4, 0.627328, 11, 0.640192, 21, 0.24037, 16, 0.627328, 9, 0.640135, 3, 0.0533901, 18, 0.639794, 22, 0.000570756, 13, 0.640319, 1, 0.000570756, 13, 0.637646, 8, 0.640298, 1, 0.640298, 1
0.63772, 26, 0.640347, 0, 1.16984e-05, 12, 0.640347, 0, 0.600676, 14, 0.0536569, 18, 0.33166, 16, 0.2328, 16, 0.327418, 8, 0.637725, 21, 0.640295, 3, 0.63772, 26, 0.258146, 10, 0.0533906, 17, 0.000214593, 13, 0.270754, 16, 0.63565, 11, 0.600676, 14, 0.637975, 21, 0.640279, 5, 0.640279, 5
1.16984e-05, 12, 0.640295, 0, 0.640347, 0, 0.254961, 30, 0.300742, 22, 0.22364, 9, 0.600676, 13, 0.0536569, 17, 0.254961, 30, 0.461361, 21, 0.421, 18, 0.637552, 8, 0.24037, 16, 0.285327, 18, 0.461361, 21, 0.640203, 5, 0.640221, 2, 0.053362, 18, 1.7087e-05, 12, 0.640209, 4, 0.640209, 4
1.16984e-05, 13, 0.640347, 0, 0.237474, 25, 0.33166, 16, 0.596142, 14, 0.22091, 9, 0.2444, 24, 0.285327, 18, 0.0650484, 17, 0.64019, 4, 0.63357, 11, 0.637829, 8, 0.000214593, 12, 0.640194, 2, 0.596142, 14, 0.33166, 16, 0.285327, 18, 0.0533897, 17, 0.640347, 0, 0.0536569, 17, 0.0536569, 17
1.16984e-05, 12, 0.239383, 21, 0.640347, 0, 0.596142, 14, 0.285327, 17, 0.22091, 10, 0.053647, 18, 0.637644, 8, 0.640188, 4, 0.053647, 18, 0.252717, 16, 0.611606, 11, 0.630723, 9, 0.00517609, 12, 0.596142, 13, 0.640188, 3, 0.285327, 17, 0.640194, 2, 0.640347, 1, 0.596142, 15, 0.596142, 15
0.640347, 0, 0.639016, 18, 1.16984e-05, 12, 0.596142, 15, 0.285327, 17, 0.22091, 9, 0.62818, 8, 0.053647, 17, 0.22091, 10, 0.000353747, 14, 0.640186, 3, 0.640199, 5, 0.252738, 13, 0.252717, 16, 0.0533601, 17, 0.640295, 1, 0.640207, 2, 0.640199, 5, 0.600676, 12, 0.640347, 0, 0.640347, 0
0.640308, 0, 0.640347, 0, 0.053647, 18, 1.16984e-05, 12, 0.376088, 8, 0.596142, 14, 0.22091, 9, 0.053647, 17, 0.629389, 11, 0.285327, 17, 0.640198, 5, 0.64027, 2, 0.22091, 9, 0.640198, 4, 1.7087e-05, 12, 0.639859, 13, 0.330254, 16, 0.330254, 16, 0.639868, 15, 0.640347, 0, 0.640347, 0
0.640347, 0, 1.16984e-05, 12, 0.636662, 26, 0.601544, 13, 0.337271, 8, 0.22091, 8, 0.053647, 17, 0.330254, 16, 0.247474, 10, 0.640207, 5, 0.0533601, 17, 0.637921, 20, 0.640207, 2, 0.000149334, 12, 0.637971, 22, 0.247474, 9, 0.637308, 25, 0.637461, 23, 0.640306, 0, 0.0533601, 17, 0.0533601, 17
0.640347, 0, 0.636352, 30, 1.16984e-05, 13, 0.594689, 13, 0.265705, 16, 0.22091, 8, 0.637385, 18, 0.636662, 26, 0.0666735, 17, 0.000214593, 12, 0.264946, 16, 0.610028, 9, 0.0533601, 17, 0.636608, 27, 0.640207, 4, 0.636352, 30, 0.640207, 2, 0.640207, 4, 0.640347, 1, 0.637383, 9, 0.637383, 9
1.16984e-05, 12, 0.636662, 26, 0.640347, 0, 0.594419, 14, 0.253953, 16, 0.22091, 8, 0.637385, 19, 0.053647, 17, 0.594535, 9, 0.640198, 4, 0.234318, 16, 0.0533601, 17, 0.000214593, 12, 0.635768, 17, 0.637385, 18, 0.640234, 2, 0.594535, 13, 0.640347, 1, 0.640198, 3, 0.22091, 8, 0.22091, 8
0.640347, 0, 0.636321, 25, 1.16984e-05, 12, 0.594405, 14, 0.246091, 16, 0.053647, 18, 0.22091, 9, 0.640207, 3, 0.637644, 8, 0.610338, 11, 0.00232764, 13, 0.637884, 22, 0.0533601, 19, 0.63672, 25, 0.246091, 16, 0.639702, 20, 0.637884, 21, 0.637385, 17, 0.640346, 1, 0.22091, 9, 0.22091, 9
0.636383, 25, 1.16984e-05, 12, 0.640347, 0, 0.509966, 8, 0.22091, 9, 0.053647, 18, 0.246091, 16, 0.640207, 3, 0.594405, 14, 0.0533601, 17, 0.636495, 22, 0.509966, 8, 0.63698, 21, 0.00133926, 13, 0.640347, 1, 0.600676, 15, 0.611294, 8, 0.246091, 16, 0.594405, 14, 1.7087e-05, 13, 1.7087e-05, 13
1.16984e-05, 12, 0.636343, 25, 0.640347, 0, 0.600676, 15, 0.279621, 8, 0.216532, 10, 0.053647, 18, 0.0530965, 18, 0.64022, 2, 0.636343, 25, 0.636686, 21, 0.601646, 14, 0.640207, 5, 0.640202, 6, 0.000214593, 12, 0.636686, 21, 0.279529, 10, 0.626548, 11, 0.638147, 10, 0.638147, 8, 0.638147, 8
0.636253, 25, 1.16984e-05, 12, 0.64032, 0, 0.640347, 0, 0.594476, 13, 0.221214, 8, 0.0542968, 17, 0.216354, 9, 0.0514963, 18, 0.636319, 21, 0.607053, 12, 0.218982, 10, 0.639036, 6, 0.053647, 21, 0.640194, 5, 9.54262e-05, 13, 0.640201, 3, 0.640346, 1, 0.64032, 2, 0.637829, 8, 0.637829, 8
0.640347, 0, 0.636527, 30, 1.16984e-05, 12, 0.590815, 15, 0.294973, 16, 0.206236, 10, 0.0520859, 17, 0.221214, 8, 0.640207, 3, 0.0503465, 18, 4.02062e-05, 13, 0.63625, 27, 0.636253, 25, 0.294973, 16, 0.636848, 22, 0.631247, 8, 0.636523, 21, 0.636527, 30, 0.640346, 1, 0.640347, 0, 0.640347, 0
0.640347, 0, 0.63625, 27, 1.16984e-05, 12, 0.254749, 16, 0.600601, 12, 0.206236, 8, 0.0520859, 17, 0.636253, 25, 0.206236, 10, 0.600807, 14, 0.640207, 5, 0.636523, 21, 1.7087e-05, 13, 0.221214, 8, 0.636523, 22, 0.640295, 2, 0.0503465, 18, 0.0520859, 18, 0.640207, 4, 0.640347, 0, 0.640347, 0
0.63625, 27, 1.16984e-05, 12, 0.640347, 0, 0.535896, 8, 0.206236, 9, 0.330447, 16, 0.0520859, 17, 0.636523, 21, 0.636253, 25, 0.600601, 13, 0.000741032, 15, 0.0503465, 18, 0.640206, 5, 0.0458731, 13, 0.640295, 1, 0.640207, 4, 0.227868, 8, 0.258247, 16, 0.302176, 16, 0.330447, 16, 0.330447, 16
1.16984e-05, 12, 0.640347, 0, 0.636101, 29, 0.600601, 13, 0.302992, 10, 0.0520859, 17, 0.205942, 10, 0.640206, 5, 0.243189, 16, 0.636656, 21, 0.636101, 27, 0.64034, 1, 0.637636, 8, 0.6365, 25, 0.63655, 23, 0.0518677, 17, 1.7087e-05, 12, 0.637418, 14, 0.22857, 9, 0.220343, 10, 0.220343, 10
0.636323, 26, 0.640347, 0, 1.16984e-05, 12, 0.600601, 12, 0.265552, 16, 0.205659, 9, 0.0520062, 17, 0.221214, 8, 0.636913, 20, 0.636582, 22, 0.637398, 13, 0.640203, 6, 0.63647, 25, 0.640203, 4, 0.0519076, 17, 0.640207, 2, 0.265552, 16, 1.7087e-05, 12, 0.640331, 1, 0.640343, 1, 0.640343, 1
0.63633, 25, 0.640347, 0, 1.16984e-05, 12, 0.640347, 0, 0.239622, 16, 0.600601, 8, 0.0520062, 17, 0.205659, 9, 0.640207, 2, 0.626569, 14, 0.636633, 22, 1.7087e-05, 13, 0.606471, 9, 0.640207, 5, 0.636603, 20, 0.638391, 12, 0.0518677, 17, 0.636507, 25, 0.640205, 6, 0.640184, 21, 0.640184, 21
0.640347, 0, 1.16984e-05, 12, 0.636395, 34, 0.239622, 16, 0.600601, 8, 0.205659, 8, 0.0520062, 17, 0.636507, 25, 0.640205, 4, 0.0520062, 17, 0.636395, 30, 0.604304, 14, 0.637429, 20, 0.636633, 22, 0.636398, 29, 0.000214593, 12, 0.627261, 10, 0.640183, 6, 0.640347, 0, 0.205942, 9, 0.205942, 9
0.640332, 0, 0.640347, 0, 1.16984e-05, 14, 0.636651, 22, 0.27515, 9, 0.600601, 9, 0.0520969, 19, 0.205659, 9, 0.0518481, 18, 0.251539, 11, 0.60063, 8, 0.640059, 6, 0.640207, 4, 0.640234, 2, 0.63669, 21, 0.00096592, 14, 0.232702, 16, 0.000576641, 12, 1.7087e-05, 13, 0.000630171, 15, 0.000630171, 15
1.16984e-05, 13, 0.640347, 0, 0.636299, 29, 0.27515, 9, 0.600581, 11, 0.148055, 17, 0.239622, 16, 0.636656, 24, 0.640059, 6, 0.0520969, 18, 0.640207, 2, 0.636499, 20, 0.636303, 27, 0.628203, 19, 0.00113454, 13, 0.0518481, 18, 0.604304, 10, 0.600601, 8, 1.16984e-05, 14, 0.636475, 29, 0.636475, 29
0.640311, 0, 1.16984e-05, 14, 0.640347, 0, 0.636367, 25, 0.31314, 16, 0.600581, 9, 0.0520969, 18, 0.22724, 8, 0.636656, 20, 0.000437777, 13, 0.640294, 2, 0.636215, 25, 0.28374, 16, 0.628103, 10, 0.640037, 6, 0.22724, 8, 0.0518478, 17, 0.640037, 6, 0.600581, 9, 0.628103, 9, 0.628103, 9
0.636138, 25, 0.640312, 0, 0.640347, 0, 1.16984e-05, 13, 0.600581, 10, 0.25612, 16, 0.223598, 8, 0.636624, 20, 0.0798381, 17, 1.66159e-05, 12, 0.636608, 24, 0.255096, 16, 0.640037, 6, 0.0520969, 18, 0.628103, 9, 0.223598, 8, 0.0518478, 17, 0.640294, 4, 0.640294, 3, 0.640294, 1, 0.640294, 1
0.640312, 0, 0.640347, 0, 0.635858, 33, 1.16984e-05, 13, 0.600581, 10, 0.238396, 16, 0.223598, 12, 0.635715, 29, 0.121259, 13, 0.640294, 3, 0.635672, 33, 0.000323842, 14, 0.0518271, 17, 0.640037, 6, 0.636322, 24, 0.636348, 26, 0.223598, 8, 0.0520451, 17, 0.121259, 13, 0.636624, 20, 0.636624, 20
0.640347, 0, 1.16984e-05, 14, 0.635373, 30, 0.600581, 9, 0.238396, 16, 0.0520451, 18, 0.223598, 12, 0.640294, 3, 0.639668, 25, 0.640037, 6, 0.639768, 21, 0.000323842, 13, 0.0518268, 17, 0.610338, 8, 0.630675, 11, 0.636044, 26, 0.635528, 29, 0.636291, 20, 0.640347, 0, 0.238396, 16, 0.238396, 16
